CHR POS ID REF ALT MAF AR2 DR2 Hwe DR2 Accuracy Score
1 7845695 rs228729 T C 0,1 0,2 0,3 0,4 0,5 0,6 0,7
1 8473813 rs12754538 C T 0,1 0,2 0,3 0,4 0,5 0,6 0,7
1 10593296 rs2480782 G T 0,1 0,2 0,3 0,4 0,5 0,6 0,7
1 18420144 rs12565367 A G 0,1 0,2 0,3 0,4 0,5 0,6 0,7
1 20614452 rs12139607 C T 0,1 0,2 0,3 0,4 0,5 0,6 0,7
1 21959590 rs9426772 T C 0,1 0,2 0,3 0,4 0,5 0,6 0,7
1 24947948 rs4649005 C T 0,1 0,2 0,3 0,4 0,5 0,6 0,7
1 27374218 rs537951 G A 0,1 0,2 0,3 0,4 0,5 0,6 0,7
1 39079150 rs3011199 A C 0,1 0,2 0,3 0,4 0,5 0,6 0,7
1 39404551 rs6600278 C T 0,1 0,2 0,3 0,4 0,5 0,6 0,7
1 40362066 rs3134615 C A 0,1 0,2 0,3 0,4 0,5 0,6 0,7
1 51174330 rs11205760 C T 0,1 0,2 0,3 0,4 0,5 0,6 0,7
1 55218155 rs2108035 C T 0,1 0,2 0,3 0,4 0,5 0,6 0,7
1 57657301 rs155297 C T 0,1 0,2 0,3 0,4 0,5 0,6 0,7
1 61972591 rs2499511 G A 0,1 0,2 0,3 0,4 0,5 0,6 0,7
1 67222966 rs688630 A G 0,1 0,2 0,3 0,4 0,5 0,6 0,7
1 67288045 rs482082 C T 0,1 0,2 0,3 0,4 0,5 0,6 0,7
1 74901440 rs1881029 A G 0,1 0,2 0,3 0,4 0,5 0,6 0,7
1 74983835 rs10493544 T C 0,1 0,2 0,3 0,4 0,5 0,6 0,7
1 76620253 rs12122853 G A 0,1 0,2 0,3 0,4 0,5 0,6 0,7
1 78502353 rs10873963 G A 0,1 0,2 0,3 0,4 0,5 0,6 0,7
1 80929598 rs1365750 A G 0,1 0,2 0,3 0,4 0,5 0,6 0,7
1 81851687 rs12404189 T C 0,1 0,2 0,3 0,4 0,5 0,6 0,7
1 83489217 rs10874351 C T 0,1 0,2 0,3 0,4 0,5 0,6 0,7
1 85290497 rs10159252 A C 0,1 0,2 0,3 0,4 0,5 0,6 0,7
1 88005122 rs7517567 T C 0,1 0,2 0,3 0,4 0,5 0,6 0,7
1 95650796 rs1336435 G A 0,1 0,2 0,3 0,4 0,5 0,6 0,7
1 98687633 rs2031245 C A 0,1 0,2 0,3 0,4 0,5 0,6 0,7
1 104654614 rs12067399 G A 0,1 0,2 0,3 0,4 0,5 0,6 0,7
1 106792422 rs12568304 G A 0,1 0,2 0,3 0,4 0,5 0,6 0,7
1 108097237 rs17019427 A C 0,1 0,2 0,3 0,4 0,5 0,6 0,7
1 109357456 rs10494099 C A 0,1 0,2 0,3 0,4 0,5 0,6 0,7
1 110924353 rs3738750 G A 0,1 0,2 0,3 0,4 0,5 0,6 0,7
1 114501968 rs11485101 A G 0,1 0,2 0,3 0,4 0,5 0,6 0,7
1 115645831 rs7534846 A G 0,1 0,2 0,3 0,4 0,5 0,6 0,7
1 116791482 rs4839521 A G 0,1 0,2 0,3 0,4 0,5 0,6 0,7
1 117305076 rs3136706 C T 0,1 0,2 0,3 0,4 0,5 0,6 0,7
1 118172221 rs6699188 T C 0,1 0,2 0,3 0,4 0,5 0,6 0,7
1 118565953 rs10923472 G A 0,1 0,2 0,3 0,4 0,5 0,6 0,7
1 147099287 rs12129752 G T 0,1 0,2 0,3 0,4 0,5 0,6 0,7
1 154171550 rs12726220 A G 0,1 0,2 0,3 0,4 0,5 0,6 0,7
1 158453439 rs11264980 G T 0,1 0,2 0,3 0,4 0,5 0,6 0,7
1 159336948 rs10494322 T C 0,1 0,2 0,3 0,4 0,5 0,6 0,7
1 160095625 rs16831388 A G 0,1 0,2 0,3 0,4 0,5 0,6 0,7
1 163203095 rs2940672 G A 0,1 0,2 0,3 0,4 0,5 0,6 0,7
1 164716209 rs6681005 G A 0,1 0,2 0,3 0,4 0,5 0,6 0,7
1 169100169 rs2901029 G A 0,1 0,2 0,3 0,4 0,5 0,6 0,7
1 175201727 rs2012862 T G 0,1 0,2 0,3 0,4 0,5 0,6 0,7
1 175325205 rs723640 C T 0,1 0,2 0,3 0,4 0,5 0,6 0,7
1 176543149 rs10489474 C T 0,1 0,2 0,3 0,4 0,5 0,6 0,7
1 177384036 rs9662701 G A 0,1 0,2 0,3 0,4 0,5 0,6 0,7
1 180922807 rs870046 G A 0,1 0,2 0,3 0,4 0,5 0,6 0,7
1 181311134 rs11579562 A G 0,1 0,2 0,3 0,4 0,5 0,6 0,7
1 193777572 rs1326853 A G 0,1 0,2 0,3 0,4 0,5 0,6 0,7
1 196144843 rs10801520 C T 0,1 0,2 0,3 0,4 0,5 0,6 0,7
1 197257090 rs1009188 T C 0,1 0,2 0,3 0,4 0,5 0,6 0,7
1 198095880 rs16842417 A G 0,1 0,2 0,3 0,4 0,5 0,6 0,7
1 199418899 rs2152872 G A 0,1 0,2 0,3 0,4 0,5 0,6 0,7
1 201125326 rs7542768 T C 0,1 0,2 0,3 0,4 0,5 0,6 0,7
1 203040922 rs2270541 G T 0,1 0,2 0,3 0,4 0,5 0,6 0,7
1 204576983 rs11584700 A G 0,1 0,2 0,3 0,4 0,5 0,6 0,7
1 204670583 rs1538222 G A 0,1 0,2 0,3 0,4 0,5 0,6 0,7
1 205725028 rs823122 C T 0,1 0,2 0,3 0,4 0,5 0,6 0,7
1 207936886 rs2796269 C T 0,1 0,2 0,3 0,4 0,5 0,6 0,7
1 208432764 rs1445355 C T 0,1 0,2 0,3 0,4 0,5 0,6 0,7
1 210707065 rs4845045 T C 0,1 0,2 0,3 0,4 0,5 0,6 0,7
1 210730635 rs17016427 C T 0,1 0,2 0,3 0,4 0,5 0,6 0,7
1 212069335 rs12135873 C A 0,1 0,2 0,3 0,4 0,5 0,6 0,7
1 212079778 rs7540019 A G 0,1 0,2 0,3 0,4 0,5 0,6 0,7
1 214022486 rs11577654 G A 0,1 0,2 0,3 0,4 0,5 0,6 0,7
1 214114866 rs340850 T G 0,1 0,2 0,3 0,4 0,5 0,6 0,7
1 216284739 rs442028 A G 0,1 0,2 0,3 0,4 0,5 0,6 0,7
1 223697236 rs10796478 T C 0,1 0,2 0,3 0,4 0,5 0,6 0,7
1 225902582 rs12044217 C T 0,1 0,2 0,3 0,4 0,5 0,6 0,7
1 228021903 rs6426479 C T 0,1 0,2 0,3 0,4 0,5 0,6 0,7
1 230634867 rs10864750 T G 0,1 0,2 0,3 0,4 0,5 0,6 0,7
1 234064302 rs6702789 G A 0,1 0,2 0,3 0,4 0,5 0,6 0,7
1 235717340 rs425581 G T 0,1 0,2 0,3 0,4 0,5 0,6 0,7
1 236761778 rs2298099 G A 0,1 0,2 0,3 0,4 0,5 0,6 0,7
1 237266603 rs7554607 A G 0,1 0,2 0,3 0,4 0,5 0,6 0,7
1 238503512 rs1335973 A C 0,1 0,2 0,3 0,4 0,5 0,6 0,7
1 239159611 rs1915278 C T 0,1 0,2 0,3 0,4 0,5 0,6 0,7
1 239263935 rs16837766 C T 0,1 0,2 0,3 0,4 0,5 0,6 0,7
1 240140986 rs12119833 C A 0,1 0,2 0,3 0,4 0,5 0,6 0,7
1 244570385 rs12084013 C T 0,1 0,2 0,3 0,4 0,5 0,6 0,7
1 244576717 rs3102460 C T 0,1 0,2 0,3 0,4 0,5 0,6 0,7
1 245946320 rs1317002 T C 0,1 0,2 0,3 0,4 0,5 0,6 0,7
1 246130744 rs7529566 A C 0,1 0,2 0,3 0,4 0,5 0,6 0,7
1 248128929 rs6664332 G A 0,1 0,2 0,3 0,4 0,5 0,6 0,7
10 1421516 rs10794748 A G 0,1 0,2 0,3 0,4 0,5 0,6 0,7
10 3624116 rs7906888 A G 0,1 0,2 0,3 0,4 0,5 0,6 0,7
10 4689842 rs313452 T G 0,1 0,2 0,3 0,4 0,5 0,6 0,7
10 8526113 rs7906057 T C 0,1 0,2 0,3 0,4 0,5 0,6 0,7
10 10616485 rs2025468 T C 0,1 0,2 0,3 0,4 0,5 0,6 0,7
10 12804664 rs11257974 C T 0,1 0,2 0,3 0,4 0,5 0,6 0,7
10 13978373 rs11258729 T C 0,1 0,2 0,3 0,4 0,5 0,6 0,7
10 15370478 rs10752369 T C 0,1 0,2 0,3 0,4 0,5 0,6 0,7
10 15835277 rs12262809 G A 0,1 0,2 0,3 0,4 0,5 0,6 0,7
10 20648411 rs883580 T C 0,1 0,2 0,3 0,4 0,5 0,6 0,7
10 21252195 rs1417184 C T 0,1 0,2 0,3 0,4 0,5 0,6 0,7
10 28826992 rs11597279 T G 0,1 0,2 0,3 0,4 0,5 0,6 0,7
10 30405648 rs11007904 T C 0,1 0,2 0,3 0,4 0,5 0,6 0,7
10 33974689 rs12415228 A G 0,1 0,2 0,3 0,4 0,5 0,6 0,7
10 36718126 rs12771570 C T 0,1 0,2 0,3 0,4 0,5 0,6 0,7
10 42827951 rs2505838 G A 0,1 0,2 0,3 0,4 0,5 0,6 0,7
10 44316331 rs7069081 T C 0,1 0,2 0,3 0,4 0,5 0,6 0,7
10 46109533 rs7898761 T C 0,1 0,2 0,3 0,4 0,5 0,6 0,7
10 49446204 rs905184 T C 0,1 0,2 0,3 0,4 0,5 0,6 0,7
10 50438855 rs6537512 G A 0,1 0,2 0,3 0,4 0,5 0,6 0,7
10 50850781 rs2377872 G A 0,1 0,2 0,3 0,4 0,5 0,6 0,7
10 52046204 rs2574953 A G 0,1 0,2 0,3 0,4 0,5 0,6 0,7
10 54993785 rs12412557 T C 0,1 0,2 0,3 0,4 0,5 0,6 0,7
10 56273552 rs1930144 T C 0,1 0,2 0,3 0,4 0,5 0,6 0,7
10 59337590 rs12221364 G T 0,1 0,2 0,3 0,4 0,5 0,6 0,7
10 63061633 rs2139783 G A 0,1 0,2 0,3 0,4 0,5 0,6 0,7
10 63947969 rs6479789 T C 0,1 0,2 0,3 0,4 0,5 0,6 0,7
10 66589162 rs1227240 G A 0,1 0,2 0,3 0,4 0,5 0,6 0,7
10 67802500 rs10996846 A C 0,1 0,2 0,3 0,4 0,5 0,6 0,7
10 71052888 rs10823333 C T 0,1 0,2 0,3 0,4 0,5 0,6 0,7
10 72038399 rs868075 G A 0,1 0,2 0,3 0,4 0,5 0,6 0,7
10 74362355 rs3009540 T C 0,1 0,2 0,3 0,4 0,5 0,6 0,7
10 77330842 rs10509359 T G 0,1 0,2 0,3 0,4 0,5 0,6 0,7
10 85599366 rs532605 T G 0,1 0,2 0,3 0,4 0,5 0,6 0,7
10 91738263 rs1547843 A G 0,1 0,2 0,3 0,4 0,5 0,6 0,7
10 94525506 rs1935492 C A 0,1 0,2 0,3 0,4 0,5 0,6 0,7
10 101347202 rs12573087 T C 0,1 0,2 0,3 0,4 0,5 0,6 0,7
10 104573936 rs284858 T C 0,1 0,2 0,3 0,4 0,5 0,6 0,7
10 108131461 rs1409409 C A 0,1 0,2 0,3 0,4 0,5 0,6 0,7
10 108908351 rs12781860 A C 0,1 0,2 0,3 0,4 0,5 0,6 0,7
10 114888608 rs1362943 G A 0,1 0,2 0,3 0,4 0,5 0,6 0,7
10 120127769 rs12767500 C T 0,1 0,2 0,3 0,4 0,5 0,6 0,7
10 120963587 rs10886419 T C 0,1 0,2 0,3 0,4 0,5 0,6 0,7
10 125119623 rs9423334 G A 0,1 0,2 0,3 0,4 0,5 0,6 0,7
10 125205930 rs4980192 G A 0,1 0,2 0,3 0,4 0,5 0,6 0,7
10 126777042 rs1152661 C T 0,1 0,2 0,3 0,4 0,5 0,6 0,7
10 128075882 rs10901606 C T 0,1 0,2 0,3 0,4 0,5 0,6 0,7
10 129875235 rs4304675 A G 0,1 0,2 0,3 0,4 0,5 0,6 0,7
10 134686557 rs4242726 G A 0,1 0,2 0,3 0,4 0,5 0,6 0,7
11 3163653 rs1562353 G A 0,1 0,2 0,3 0,4 0,5 0,6 0,7
11 6193765 rs17237545 G T 0,1 0,2 0,3 0,4 0,5 0,6 0,7
11 6347072 rs10769688 A G 0,1 0,2 0,3 0,4 0,5 0,6 0,7
11 7459622 rs12224346 A G 0,1 0,2 0,3 0,4 0,5 0,6 0,7
11 7659293 rs7119574 C A 0,1 0,2 0,3 0,4 0,5 0,6 0,7
11 9603236 rs4370932 C T 0,1 0,2 0,3 0,4 0,5 0,6 0,7
11 10826256 rs2242361 T C 0,1 0,2 0,3 0,4 0,5 0,6 0,7
11 11459744 rs11021853 C T 0,1 0,2 0,3 0,4 0,5 0,6 0,7
11 12312280 rs1994902 T G 0,1 0,2 0,3 0,4 0,5 0,6 0,7
11 13288698 rs7942486 G T 0,1 0,2 0,3 0,4 0,5 0,6 0,7
11 19562013 rs10500855 A C 0,1 0,2 0,3 0,4 0,5 0,6 0,7
11 21368871 rs12296077 G A 0,1 0,2 0,3 0,4 0,5 0,6 0,7
11 21395259 rs12798947 C A 0,1 0,2 0,3 0,4 0,5 0,6 0,7
11 30036177 rs10835608 C T 0,1 0,2 0,3 0,4 0,5 0,6 0,7
11 32518070 rs7113149 C T 0,1 0,2 0,3 0,4 0,5 0,6 0,7
11 32562808 rs2450411 G A 0,1 0,2 0,3 0,4 0,5 0,6 0,7
11 34902521 rs2956086 A C 0,1 0,2 0,3 0,4 0,5 0,6 0,7
11 36101932 rs904549 G A 0,1 0,2 0,3 0,4 0,5 0,6 0,7
11 40142377 rs7943560 G A 0,1 0,2 0,3 0,4 0,5 0,6 0,7
11 41395638 rs768955 T C 0,1 0,2 0,3 0,4 0,5 0,6 0,7
11 45576034 rs10160816 A G 0,1 0,2 0,3 0,4 0,5 0,6 0,7
11 45663568 rs1348965 T C 0,1 0,2 0,3 0,4 0,5 0,6 0,7
11 57501182 rs2956981 C T 0,1 0,2 0,3 0,4 0,5 0,6 0,7
11 64837370 rs566908 C T 0,1 0,2 0,3 0,4 0,5 0,6 0,7
11 65644027 rs583887 T C 0,1 0,2 0,3 0,4 0,5 0,6 0,7
11 67953584 rs11228153 G A 0,1 0,2 0,3 0,4 0,5 0,6 0,7
11 73532857 rs11235918 G A 0,1 0,2 0,3 0,4 0,5 0,6 0,7
11 79131600 rs1355423 T C 0,1 0,2 0,3 0,4 0,5 0,6 0,7
11 82532981 rs7122531 T G 0,1 0,2 0,3 0,4 0,5 0,6 0,7
11 83656830 rs790346 T G 0,1 0,2 0,3 0,4 0,5 0,6 0,7
11 95011645 rs976337 T C 0,1 0,2 0,3 0,4 0,5 0,6 0,7
11 95709990 rs1053815 C T 0,1 0,2 0,3 0,4 0,5 0,6 0,7
11 96963902 rs1789209 A G 0,1 0,2 0,3 0,4 0,5 0,6 0,7
11 97915543 rs667679 G A 0,1 0,2 0,3 0,4 0,5 0,6 0,7
11 98203016 rs7114019 A G 0,1 0,2 0,3 0,4 0,5 0,6 0,7
11 99587080 rs605559 T C 0,1 0,2 0,3 0,4 0,5 0,6 0,7
11 99718080 rs17679121 C T 0,1 0,2 0,3 0,4 0,5 0,6 0,7
11 100063257 rs10750510 C T 0,1 0,2 0,3 0,4 0,5 0,6 0,7
11 102660874 rs5854 G A 0,1 0,2 0,3 0,4 0,5 0,6 0,7
11 103997124 rs12279801 G A 0,1 0,2 0,3 0,4 0,5 0,6 0,7
11 104008196 rs10895583 G A 0,1 0,2 0,3 0,4 0,5 0,6 0,7
11 106508030 rs1938623 A C 0,1 0,2 0,3 0,4 0,5 0,6 0,7
11 109943972 rs7113219 T C 0,1 0,2 0,3 0,4 0,5 0,6 0,7
11 113133676 rs2288158 T G 0,1 0,2 0,3 0,4 0,5 0,6 0,7
11 114037570 rs12275428 G A 0,1 0,2 0,3 0,4 0,5 0,6 0,7
11 114173369 rs949374 A C 0,1 0,2 0,3 0,4 0,5 0,6 0,7
11 119695491 rs482090 T C 0,1 0,2 0,3 0,4 0,5 0,6 0,7
11 119893179 rs655929 C A 0,1 0,2 0,3 0,4 0,5 0,6 0,7
11 121342087 rs11218301 G A 0,1 0,2 0,3 0,4 0,5 0,6 0,7
11 122932777 rs1136141 G A 0,1 0,2 0,3 0,4 0,5 0,6 0,7
11 124605290 rs1939214 A G 0,1 0,2 0,3 0,4 0,5 0,6 0,7
11 125084742 rs4935911 G A 0,1 0,2 0,3 0,4 0,5 0,6 0,7
11 125868715 rs4935954 T C 0,1 0,2 0,3 0,4 0,5 0,6 0,7
11 127295795 rs7924679 C T 0,1 0,2 0,3 0,4 0,5 0,6 0,7
11 127967797 rs10893818 T G 0,1 0,2 0,3 0,4 0,5 0,6 0,7
11 128446187 rs7126621 G A 0,1 0,2 0,3 0,4 0,5 0,6 0,7
11 131747183 rs693249 A G 0,1 0,2 0,3 0,4 0,5 0,6 0,7
11 131992947 rs10894508 C T 0,1 0,2 0,3 0,4 0,5 0,6 0,7
11 132573390 rs3016384 C T 0,1 0,2 0,3 0,4 0,5 0,6 0,7
11 132662789 rs2466775 T C 0,1 0,2 0,3 0,4 0,5 0,6 0,7
11 132756883 rs11223262 A G 0,1 0,2 0,3 0,4 0,5 0,6 0,7
11 134009860 rs2276266 T C 0,1 0,2 0,3 0,4 0,5 0,6 0,7
12 12863470 rs10845615 G A 0,1 0,2 0,3 0,4 0,5 0,6 0,7
12 13632346 rs2417278 T G 0,1 0,2 0,3 0,4 0,5 0,6 0,7
12 13656999 rs11055486 T C 0,1 0,2 0,3 0,4 0,5 0,6 0,7
12 13739350 rs10772694 C T 0,1 0,2 0,3 0,4 0,5 0,6 0,7
12 26534066 rs7975710 T C 0,1 0,2 0,3 0,4 0,5 0,6 0,7
12 26787982 rs11048627 G A 0,1 0,2 0,3 0,4 0,5 0,6 0,7
12 30098770 rs10771604 C T 0,1 0,2 0,3 0,4 0,5 0,6 0,7
12 32106449 rs17510714 C T 0,1 0,2 0,3 0,4 0,5 0,6 0,7
12 32119116 rs10844074 T C 0,1 0,2 0,3 0,4 0,5 0,6 0,7
12 32630503 rs10506085 G A 0,1 0,2 0,3 0,4 0,5 0,6 0,7
12 39168186 rs10876062 T C 0,1 0,2 0,3 0,4 0,5 0,6 0,7
12 41172010 rs1596534 T G 0,1 0,2 0,3 0,4 0,5 0,6 0,7
12 43361130 rs7311394 G A 0,1 0,2 0,3 0,4 0,5 0,6 0,7
12 46009521 rs2712590 A G 0,1 0,2 0,3 0,4 0,5 0,6 0,7
12 46577921 rs1049304 G T 0,1 0,2 0,3 0,4 0,5 0,6 0,7
12 50334781 rs17124174 C T 0,1 0,2 0,3 0,4 0,5 0,6 0,7
12 52349088 rs11612312 T C 0,1 0,2 0,3 0,4 0,5 0,6 0,7
12 56828056 rs11171846 C T 0,1 0,2 0,3 0,4 0,5 0,6 0,7
12 57257244 rs11832720 G A 0,1 0,2 0,3 0,4 0,5 0,6 0,7
12 62405843 rs9737644 A G 0,1 0,2 0,3 0,4 0,5 0,6 0,7
12 68645975 rs2046068 T G 0,1 0,2 0,3 0,4 0,5 0,6 0,7
12 69883921 rs221093 G T 0,1 0,2 0,3 0,4 0,5 0,6 0,7
12 72657351 rs17725193 A G 0,1 0,2 0,3 0,4 0,5 0,6 0,7
12 76110751 rs11180649 A G 0,1 0,2 0,3 0,4 0,5 0,6 0,7
12 77442004 rs310802 C T 0,1 0,2 0,3 0,4 0,5 0,6 0,7
12 79024268 rs2220748 T G 0,1 0,2 0,3 0,4 0,5 0,6 0,7
12 89513020 rs11105179 T C 0,1 0,2 0,3 0,4 0,5 0,6 0,7
12 92956150 rs10745600 C A 0,1 0,2 0,3 0,4 0,5 0,6 0,7
12 93507069 rs6538385 C T 0,1 0,2 0,3 0,4 0,5 0,6 0,7
12 94665182 rs7970004 C T 0,1 0,2 0,3 0,4 0,5 0,6 0,7
12 96336039 rs10859990 C T 0,1 0,2 0,3 0,4 0,5 0,6 0,7
12 96388052 rs17024981 G A 0,1 0,2 0,3 0,4 0,5 0,6 0,7
12 97291639 rs12298456 T C 0,1 0,2 0,3 0,4 0,5 0,6 0,7
12 97883278 rs4762389 C T 0,1 0,2 0,3 0,4 0,5 0,6 0,7
12 98774531 rs1420451 C T 0,1 0,2 0,3 0,4 0,5 0,6 0,7
12 102170777 rs919214 C T 0,1 0,2 0,3 0,4 0,5 0,6 0,7
12 103896595 rs17034027 T C 0,1 0,2 0,3 0,4 0,5 0,6 0,7
12 104943047 rs1795870 T C 0,1 0,2 0,3 0,4 0,5 0,6 0,7
12 113916804 rs12810937 A G 0,1 0,2 0,3 0,4 0,5 0,6 0,7
12 114810656 rs7137598 A G 0,1 0,2 0,3 0,4 0,5 0,6 0,7
12 118106433 rs645510 C T 0,1 0,2 0,3 0,4 0,5 0,6 0,7
12 118984905 rs10850993 A G 0,1 0,2 0,3 0,4 0,5 0,6 0,7
12 119620040 rs7972652 A G 0,1 0,2 0,3 0,4 0,5 0,6 0,7
12 121088750 rs503667 A G 0,1 0,2 0,3 0,4 0,5 0,6 0,7
12 123233892 rs11059711 G A 0,1 0,2 0,3 0,4 0,5 0,6 0,7
12 125060670 rs837468 T C 0,1 0,2 0,3 0,4 0,5 0,6 0,7
12 125135380 rs10846695 G A 0,1 0,2 0,3 0,4 0,5 0,6 0,7
12 125705093 rs11058070 C T 0,1 0,2 0,3 0,4 0,5 0,6 0,7
12 126698161 rs2346669 G A 0,1 0,2 0,3 0,4 0,5 0,6 0,7
12 129264449 rs1552337 G A 0,1 0,2 0,3 0,4 0,5 0,6 0,7
12 130521584 rs599914 G A 0,1 0,2 0,3 0,4 0,5 0,6 0,7
12 132621624 rs10128884 G A 0,1 0,2 0,3 0,4 0,5 0,6 0,7
13 25636991 rs12871830 C T 0,1 0,2 0,3 0,4 0,5 0,6 0,7
13 28219719 rs12876263 T C 0,1 0,2 0,3 0,4 0,5 0,6 0,7
13 31474177 rs4943320 C A 0,1 0,2 0,3 0,4 0,5 0,6 0,7
13 32173198 rs7328437 A G 0,1 0,2 0,3 0,4 0,5 0,6 0,7
13 34703891 rs9570962 C T 0,1 0,2 0,3 0,4 0,5 0,6 0,7
13 35473956 rs9572720 G A 0,1 0,2 0,3 0,4 0,5 0,6 0,7
13 40733856 rs9315761 A G 0,1 0,2 0,3 0,4 0,5 0,6 0,7
13 41128085 rs17446593 A G 0,1 0,2 0,3 0,4 0,5 0,6 0,7
13 43724416 rs17064224 T C 0,1 0,2 0,3 0,4 0,5 0,6 0,7
13 43869516 rs4942198 G A 0,1 0,2 0,3 0,4 0,5 0,6 0,7
13 45373396 rs9533975 C T 0,1 0,2 0,3 0,4 0,5 0,6 0,7
13 46706598 rs2146880 C A 0,1 0,2 0,3 0,4 0,5 0,6 0,7
13 51577115 rs2025945 T C 0,1 0,2 0,3 0,4 0,5 0,6 0,7
13 53511930 rs912095 T G 0,1 0,2 0,3 0,4 0,5 0,6 0,7
13 58126534 rs354789 A C 0,1 0,2 0,3 0,4 0,5 0,6 0,7
13 61994779 rs17059806 A C 0,1 0,2 0,3 0,4 0,5 0,6 0,7
13 67682628 rs17516342 T C 0,1 0,2 0,3 0,4 0,5 0,6 0,7
13 72936250 rs481792 C T 0,1 0,2 0,3 0,4 0,5 0,6 0,7
13 75827314 rs2116412 G A 0,1 0,2 0,3 0,4 0,5 0,6 0,7
13 86208404 rs9602785 T C 0,1 0,2 0,3 0,4 0,5 0,6 0,7
13 90569041 rs955321 A G 0,1 0,2 0,3 0,4 0,5 0,6 0,7
13 96807771 rs7987510 T C 0,1 0,2 0,3 0,4 0,5 0,6 0,7
13 97814626 rs7358964 C A 0,1 0,2 0,3 0,4 0,5 0,6 0,7
13 100109780 rs17610319 C T 0,1 0,2 0,3 0,4 0,5 0,6 0,7
13 100629227 rs7330744 G A 0,1 0,2 0,3 0,4 0,5 0,6 0,7
13 101836752 rs9557595 C T 0,1 0,2 0,3 0,4 0,5 0,6 0,7
13 103702733 rs17273914 G A 0,1 0,2 0,3 0,4 0,5 0,6 0,7
13 105898262 rs16966166 C T 0,1 0,2 0,3 0,4 0,5 0,6 0,7
13 106632866 rs9587046 G T 0,1 0,2 0,3 0,4 0,5 0,6 0,7
13 106702358 rs9514490 G A 0,1 0,2 0,3 0,4 0,5 0,6 0,7
13 110603337 rs2095531 A G 0,1 0,2 0,3 0,4 0,5 0,6 0,7
14 24162267 rs6573309 C A 0,1 0,2 0,3 0,4 0,5 0,6 0,7
14 30387520 rs12589992 C T 0,1 0,2 0,3 0,4 0,5 0,6 0,7
14 33868687 rs17101006 C T 0,1 0,2 0,3 0,4 0,5 0,6 0,7
14 40268085 rs17109852 A G 0,1 0,2 0,3 0,4 0,5 0,6 0,7
14 50024139 rs7154992 C T 0,1 0,2 0,3 0,4 0,5 0,6 0,7
14 56563885 rs4587865 G A 0,1 0,2 0,3 0,4 0,5 0,6 0,7
14 57231249 rs7158434 T C 0,1 0,2 0,3 0,4 0,5 0,6 0,7
14 64720264 rs4365213 T C 0,1 0,2 0,3 0,4 0,5 0,6 0,7
14 69074684 rs4902613 A G 0,1 0,2 0,3 0,4 0,5 0,6 0,7
14 72304729 rs10133767 T C 0,1 0,2 0,3 0,4 0,5 0,6 0,7
14 74127943 rs1014151 G A 0,1 0,2 0,3 0,4 0,5 0,6 0,7
14 74292029 rs8012476 G A 0,1 0,2 0,3 0,4 0,5 0,6 0,7
14 76028680 rs10483869 G A 0,1 0,2 0,3 0,4 0,5 0,6 0,7
14 84342909 rs2026207 C A 0,1 0,2 0,3 0,4 0,5 0,6 0,7
14 84432648 rs1756292 C T 0,1 0,2 0,3 0,4 0,5 0,6 0,7
14 84501305 rs17656118 T C 0,1 0,2 0,3 0,4 0,5 0,6 0,7
14 84773752 rs10129483 G A 0,1 0,2 0,3 0,4 0,5 0,6 0,7
14 85131164 rs4577002 T C 0,1 0,2 0,3 0,4 0,5 0,6 0,7
14 91450698 rs12892024 T C 0,1 0,2 0,3 0,4 0,5 0,6 0,7
14 92161018 rs12589892 T C 0,1 0,2 0,3 0,4 0,5 0,6 0,7
14 92844370 rs4904886 G A 0,1 0,2 0,3 0,4 0,5 0,6 0,7
14 93419535 rs2402226 T C 0,1 0,2 0,3 0,4 0,5 0,6 0,7
14 94442455 rs4905125 C T 0,1 0,2 0,3 0,4 0,5 0,6 0,7
14 94761407 rs12147560 T C 0,1 0,2 0,3 0,4 0,5 0,6 0,7
14 95491088 rs8021127 A G 0,1 0,2 0,3 0,4 0,5 0,6 0,7
14 97813385 rs234432 A G 0,1 0,2 0,3 0,4 0,5 0,6 0,7
14 99348351 rs11847550 C T 0,1 0,2 0,3 0,4 0,5 0,6 0,7
14 100365357 rs1191090 G A 0,1 0,2 0,3 0,4 0,5 0,6 0,7
15 25141075 rs4534820 T G 0,1 0,2 0,3 0,4 0,5 0,6 0,7
15 26602423 rs11161293 T G 0,1 0,2 0,3 0,4 0,5 0,6 0,7
15 34127611 rs12443234 G A 0,1 0,2 0,3 0,4 0,5 0,6 0,7
15 34135607 rs17817680 A G 0,1 0,2 0,3 0,4 0,5 0,6 0,7
15 35071781 rs7176763 C T 0,1 0,2 0,3 0,4 0,5 0,6 0,7
15 39795854 rs16969143 T C 0,1 0,2 0,3 0,4 0,5 0,6 0,7
15 48024922 rs586799 A G 0,1 0,2 0,3 0,4 0,5 0,6 0,7
15 50273670 rs2413996 C A 0,1 0,2 0,3 0,4 0,5 0,6 0,7
15 60781513 rs3743266 T C 0,1 0,2 0,3 0,4 0,5 0,6 0,7
15 63758647 rs4984247 C T 0,1 0,2 0,3 0,4 0,5 0,6 0,7
15 64168647 rs7169989 C T 0,1 0,2 0,3 0,4 0,5 0,6 0,7
15 71631026 rs11637373 A G 0,1 0,2 0,3 0,4 0,5 0,6 0,7
15 74062144 rs3743098 C T 0,1 0,2 0,3 0,4 0,5 0,6 0,7
15 79515988 rs12904245 C T 0,1 0,2 0,3 0,4 0,5 0,6 0,7
15 81095395 rs7169588 G A 0,1 0,2 0,3 0,4 0,5 0,6 0,7
15 81543469 rs4128766 G A 0,1 0,2 0,3 0,4 0,5 0,6 0,7
15 82187225 rs12906746 A G 0,1 0,2 0,3 0,4 0,5 0,6 0,7
15 83516855 rs955620 C T 0,1 0,2 0,3 0,4 0,5 0,6 0,7
15 85188839 rs11073619 C T 0,1 0,2 0,3 0,4 0,5 0,6 0,7
15 90329192 rs6496603 A G 0,1 0,2 0,3 0,4 0,5 0,6 0,7
15 91900301 rs7177152 A G 0,1 0,2 0,3 0,4 0,5 0,6 0,7
15 93006740 rs4777989 G A 0,1 0,2 0,3 0,4 0,5 0,6 0,7
15 95115993 rs1863094 G A 0,1 0,2 0,3 0,4 0,5 0,6 0,7
15 99753230 rs7162708 A G 0,1 0,2 0,3 0,4 0,5 0,6 0,7
15 102040401 rs11247301 C T 0,1 0,2 0,3 0,4 0,5 0,6 0,7
16 359567 rs11644916 G A 0,1 0,2 0,3 0,4 0,5 0,6 0,7
16 6212010 rs7199489 T C 0,1 0,2 0,3 0,4 0,5 0,6 0,7
16 7139173 rs11866781 T C 0,1 0,2 0,3 0,4 0,5 0,6 0,7
16 8876418 rs7205816 G A 0,1 0,2 0,3 0,4 0,5 0,6 0,7
16 10295357 rs4332745 C T 0,1 0,2 0,3 0,4 0,5 0,6 0,7
16 12404016 rs1960156 T C 0,1 0,2 0,3 0,4 0,5 0,6 0,7
16 20144639 rs1925516 G A 0,1 0,2 0,3 0,4 0,5 0,6 0,7
16 27940476 rs1862452 G A 0,1 0,2 0,3 0,4 0,5 0,6 0,7
16 48081896 rs6500253 T C 0,1 0,2 0,3 0,4 0,5 0,6 0,7
16 55165407 rs12917822 G A 0,1 0,2 0,3 0,4 0,5 0,6 0,7
16 56352854 rs2398144 C A 0,1 0,2 0,3 0,4 0,5 0,6 0,7
16 56583042 rs282225 A G 0,1 0,2 0,3 0,4 0,5 0,6 0,7
16 58282194 rs11860326 C T 0,1 0,2 0,3 0,4 0,5 0,6 0,7
16 65529316 rs12445760 A C 0,1 0,2 0,3 0,4 0,5 0,6 0,7
16 65857617 rs12599653 G A 0,1 0,2 0,3 0,4 0,5 0,6 0,7
16 77874857 rs8052195 C T 0,1 0,2 0,3 0,4 0,5 0,6 0,7
16 77998304 rs7193514 G A 0,1 0,2 0,3 0,4 0,5 0,6 0,7
16 78885564 rs11150107 G T 0,1 0,2 0,3 0,4 0,5 0,6 0,7
16 78996850 rs7189021 A G 0,1 0,2 0,3 0,4 0,5 0,6 0,7
16 81395688 rs12597835 T G 0,1 0,2 0,3 0,4 0,5 0,6 0,7
16 81497783 rs16955396 A G 0,1 0,2 0,3 0,4 0,5 0,6 0,7
16 82170517 rs13330853 C T 0,1 0,2 0,3 0,4 0,5 0,6 0,7
16 83724892 rs6563969 A G 0,1 0,2 0,3 0,4 0,5 0,6 0,7
16 84489033 rs17815700 T C 0,1 0,2 0,3 0,4 0,5 0,6 0,7
16 85980968 rs731707 T C 0,1 0,2 0,3 0,4 0,5 0,6 0,7
17 1273322 rs7214541 A G 0,1 0,2 0,3 0,4 0,5 0,6 0,7
17 2913063 rs7225656 G A 0,1 0,2 0,3 0,4 0,5 0,6 0,7
17 3340445 rs227800 C T 0,1 0,2 0,3 0,4 0,5 0,6 0,7
17 5393524 rs1805468 A G 0,1 0,2 0,3 0,4 0,5 0,6 0,7
17 13641747 rs7224707 T G 0,1 0,2 0,3 0,4 0,5 0,6 0,7
17 13980350 rs2072279 G A 0,1 0,2 0,3 0,4 0,5 0,6 0,7
17 14521216 rs16949994 T G 0,1 0,2 0,3 0,4 0,5 0,6 0,7
17 14864886 rs16950728 G A 0,1 0,2 0,3 0,4 0,5 0,6 0,7
17 20927059 rs4985963 G A 0,1 0,2 0,3 0,4 0,5 0,6 0,7
17 29623288 rs11080149 C T 0,1 0,2 0,3 0,4 0,5 0,6 0,7
17 42072649 rs1731902 C T 0,1 0,2 0,3 0,4 0,5 0,6 0,7
17 42993118 rs2070935 G T 0,1 0,2 0,3 0,4 0,5 0,6 0,7
17 46049533 rs17617010 C T 0,1 0,2 0,3 0,4 0,5 0,6 0,7
17 47570085 rs603769 A G 0,1 0,2 0,3 0,4 0,5 0,6 0,7
17 47747648 rs11870879 C T 0,1 0,2 0,3 0,4 0,5 0,6 0,7
17 48693155 rs11079919 G A 0,1 0,2 0,3 0,4 0,5 0,6 0,7
17 48752600 rs4148415 C T 0,1 0,2 0,3 0,4 0,5 0,6 0,7
17 49210820 rs1558253 G T 0,1 0,2 0,3 0,4 0,5 0,6 0,7
17 52360099 rs8077557 A G 0,1 0,2 0,3 0,4 0,5 0,6 0,7
17 55249887 rs1006920 A G 0,1 0,2 0,3 0,4 0,5 0,6 0,7
17 55804691 rs12453873 C T 0,1 0,2 0,3 0,4 0,5 0,6 0,7
17 56080449 rs16942573 T C 0,1 0,2 0,3 0,4 0,5 0,6 0,7
17 64817409 rs9892428 G A 0,1 0,2 0,3 0,4 0,5 0,6 0,7
17 65035960 rs2159210 G A 0,1 0,2 0,3 0,4 0,5 0,6 0,7
17 65445565 rs2364979 T C 0,1 0,2 0,3 0,4 0,5 0,6 0,7
17 67229787 rs11871771 T C 0,1 0,2 0,3 0,4 0,5 0,6 0,7
17 70221744 rs11653900 G T 0,1 0,2 0,3 0,4 0,5 0,6 0,7
17 73039929 rs12938889 C A 0,1 0,2 0,3 0,4 0,5 0,6 0,7
17 73794047 rs17581498 T G 0,1 0,2 0,3 0,4 0,5 0,6 0,7
17 73959857 rs8065144 A G 0,1 0,2 0,3 0,4 0,5 0,6 0,7
17 77435185 rs12452636 C T 0,1 0,2 0,3 0,4 0,5 0,6 0,7
17 77854454 rs2362396 T C 0,1 0,2 0,3 0,4 0,5 0,6 0,7
18 351114 rs694372 C A 0,1 0,2 0,3 0,4 0,5 0,6 0,7
18 2168596 rs10853275 C T 0,1 0,2 0,3 0,4 0,5 0,6 0,7
18 2268254 rs7228100 C A 0,1 0,2 0,3 0,4 0,5 0,6 0,7
18 4951575 rs1501045 T G 0,1 0,2 0,3 0,4 0,5 0,6 0,7
18 6457227 rs12455109 G T 0,1 0,2 0,3 0,4 0,5 0,6 0,7
18 8959613 rs1573320 C T 0,1 0,2 0,3 0,4 0,5 0,6 0,7
18 12253419 rs9944981 G A 0,1 0,2 0,3 0,4 0,5 0,6 0,7
18 12584074 rs12971041 A C 0,1 0,2 0,3 0,4 0,5 0,6 0,7
18 28709190 rs2156495 T C 0,1 0,2 0,3 0,4 0,5 0,6 0,7
18 29481540 rs12709653 A G 0,1 0,2 0,3 0,4 0,5 0,6 0,7
18 31226574 rs1941705 C T 0,1 0,2 0,3 0,4 0,5 0,6 0,7
18 32238866 rs10502626 T C 0,1 0,2 0,3 0,4 0,5 0,6 0,7
18 35817087 rs8085373 C T 0,1 0,2 0,3 0,4 0,5 0,6 0,7
18 39027264 rs2848786 G A 0,1 0,2 0,3 0,4 0,5 0,6 0,7
18 39777273 rs9956391 G T 0,1 0,2 0,3 0,4 0,5 0,6 0,7
18 40326260 rs567325 C T 0,1 0,2 0,3 0,4 0,5 0,6 0,7
18 44338245 rs3809962 A G 0,1 0,2 0,3 0,4 0,5 0,6 0,7
18 47372610 rs17713794 T C 0,1 0,2 0,3 0,4 0,5 0,6 0,7
18 48152084 rs4939992 T C 0,1 0,2 0,3 0,4 0,5 0,6 0,7
18 49165234 rs1432393 G A 0,1 0,2 0,3 0,4 0,5 0,6 0,7
18 49847408 rs8099038 T C 0,1 0,2 0,3 0,4 0,5 0,6 0,7
18 52058435 rs12960472 G A 0,1 0,2 0,3 0,4 0,5 0,6 0,7
18 55495208 rs2850232 G A 0,1 0,2 0,3 0,4 0,5 0,6 0,7
18 56109859 rs8099014 C A 0,1 0,2 0,3 0,4 0,5 0,6 0,7
18 56121049 rs2277721 G T 0,1 0,2 0,3 0,4 0,5 0,6 0,7
18 57453034 rs1788841 G A 0,1 0,2 0,3 0,4 0,5 0,6 0,7
18 59474877 rs13381487 A G 0,1 0,2 0,3 0,4 0,5 0,6 0,7
18 69331473 rs7240477 G A 0,1 0,2 0,3 0,4 0,5 0,6 0,7
18 69660933 rs7230289 C T 0,1 0,2 0,3 0,4 0,5 0,6 0,7
18 71469807 rs17773405 G A 0,1 0,2 0,3 0,4 0,5 0,6 0,7
18 72909505 rs1047521 C A 0,1 0,2 0,3 0,4 0,5 0,6 0,7
18 73086805 rs17056922 T G 0,1 0,2 0,3 0,4 0,5 0,6 0,7
18 74904837 rs7243404 T G 0,1 0,2 0,3 0,4 0,5 0,6 0,7
18 74981311 rs5382 A G 0,1 0,2 0,3 0,4 0,5 0,6 0,7
19 5109701 rs1017821 A G 0,1 0,2 0,3 0,4 0,5 0,6 0,7
19 8914829 rs173654 T G 0,1 0,2 0,3 0,4 0,5 0,6 0,7
19 14259846 rs3810256 G A 0,1 0,2 0,3 0,4 0,5 0,6 0,7
19 14372872 rs13344408 T G 0,1 0,2 0,3 0,4 0,5 0,6 0,7
19 18449238 rs9636202 G A 0,1 0,2 0,3 0,4 0,5 0,6 0,7
19 18740353 rs10401838 G A 0,1 0,2 0,3 0,4 0,5 0,6 0,7
19 19126913 rs2285851 G T 0,1 0,2 0,3 0,4 0,5 0,6 0,7
19 20887230 rs12609807 A G 0,1 0,2 0,3 0,4 0,5 0,6 0,7
19 34424090 rs17328164 C T 0,1 0,2 0,3 0,4 0,5 0,6 0,7
19 34553925 rs10415423 G A 0,1 0,2 0,3 0,4 0,5 0,6 0,7
19 38524288 rs1654345 G A 0,1 0,2 0,3 0,4 0,5 0,6 0,7
19 39002614 rs2960337 T G 0,1 0,2 0,3 0,4 0,5 0,6 0,7
19 45016116 rs8100718 G A 0,1 0,2 0,3 0,4 0,5 0,6 0,7
19 45237812 rs2965101 T C 0,1 0,2 0,3 0,4 0,5 0,6 0,7
19 46207810 rs732841 A C 0,1 0,2 0,3 0,4 0,5 0,6 0,7
19 46857015 rs917948 C T 0,1 0,2 0,3 0,4 0,5 0,6 0,7
19 50000009 rs2280401 G A 0,1 0,2 0,3 0,4 0,5 0,6 0,7
19 54429450 rs7257945 A G 0,1 0,2 0,3 0,4 0,5 0,6 0,7
19 57748905 rs7252399 G T 0,1 0,2 0,3 0,4 0,5 0,6 0,7
19 57928709 rs8110803 A C 0,1 0,2 0,3 0,4 0,5 0,6 0,7
2 2604923 rs11690425 A G 0,1 0,2 0,3 0,4 0,5 0,6 0,7
2 3480563 rs7592700 G A 0,1 0,2 0,3 0,4 0,5 0,6 0,7
2 4561867 rs12474326 T C 0,1 0,2 0,3 0,4 0,5 0,6 0,7
2 6766504 rs6750888 G A 0,1 0,2 0,3 0,4 0,5 0,6 0,7
2 7463251 rs10495555 T C 0,1 0,2 0,3 0,4 0,5 0,6 0,7
2 22852252 rs1484686 A G 0,1 0,2 0,3 0,4 0,5 0,6 0,7
2 23948466 rs918814 A C 0,1 0,2 0,3 0,4 0,5 0,6 0,7
2 25612814 rs7558082 C T 0,1 0,2 0,3 0,4 0,5 0,6 0,7
2 29181107 rs10197378 G A 0,1 0,2 0,3 0,4 0,5 0,6 0,7
2 31595424 rs10171290 T C 0,1 0,2 0,3 0,4 0,5 0,6 0,7
2 34471381 rs7569426 G A 0,1 0,2 0,3 0,4 0,5 0,6 0,7
2 34977477 rs1917418 A G 0,1 0,2 0,3 0,4 0,5 0,6 0,7
2 36573454 rs982353 A G 0,1 0,2 0,3 0,4 0,5 0,6 0,7
2 38285605 rs163077 T C 0,1 0,2 0,3 0,4 0,5 0,6 0,7
2 40628222 rs6730958 T C 0,1 0,2 0,3 0,4 0,5 0,6 0,7
2 41373174 rs11901031 A G 0,1 0,2 0,3 0,4 0,5 0,6 0,7
2 44135314 rs13387221 G A 0,1 0,2 0,3 0,4 0,5 0,6 0,7
2 46400477 rs281477 A C 0,1 0,2 0,3 0,4 0,5 0,6 0,7
2 47251634 rs6713052 T C 0,1 0,2 0,3 0,4 0,5 0,6 0,7
2 52503364 rs13417515 C A 0,1 0,2 0,3 0,4 0,5 0,6 0,7
2 56067567 rs6723018 T C 0,1 0,2 0,3 0,4 0,5 0,6 0,7
2 56220271 rs1432553 T C 0,1 0,2 0,3 0,4 0,5 0,6 0,7
2 60322150 rs10182885 G A 0,1 0,2 0,3 0,4 0,5 0,6 0,7
2 63374063 rs4671458 C T 0,1 0,2 0,3 0,4 0,5 0,6 0,7
2 63511435 rs2138798 G T 0,1 0,2 0,3 0,4 0,5 0,6 0,7
2 66665146 rs2280334 T C 0,1 0,2 0,3 0,4 0,5 0,6 0,7
2 74129389 rs7586415 T C 0,1 0,2 0,3 0,4 0,5 0,6 0,7
2 74429192 rs1667627 C T 0,1 0,2 0,3 0,4 0,5 0,6 0,7
2 75089569 rs1545523 A G 0,1 0,2 0,3 0,4 0,5 0,6 0,7
2 77288585 rs7562487 G A 0,1 0,2 0,3 0,4 0,5 0,6 0,7
2 77633888 rs290016 T C 0,1 0,2 0,3 0,4 0,5 0,6 0,7
2 79421965 rs873153 G T 0,1 0,2 0,3 0,4 0,5 0,6 0,7
2 79992038 rs7592956 C T 0,1 0,2 0,3 0,4 0,5 0,6 0,7
2 80786850 rs11692474 G A 0,1 0,2 0,3 0,4 0,5 0,6 0,7
2 86819128 rs7585722 T C 0,1 0,2 0,3 0,4 0,5 0,6 0,7
2 87108211 rs6709175 T C 0,1 0,2 0,3 0,4 0,5 0,6 0,7
2 88381353 rs2919876 C T 0,1 0,2 0,3 0,4 0,5 0,6 0,7
2 88529531 rs6724281 T G 0,1 0,2 0,3 0,4 0,5 0,6 0,7
2 99293697 rs3769689 A G 0,1 0,2 0,3 0,4 0,5 0,6 0,7
2 103400473 rs887990 C A 0,1 0,2 0,3 0,4 0,5 0,6 0,7
2 104093800 rs266055 C A 0,1 0,2 0,3 0,4 0,5 0,6 0,7
2 108940336 rs12476238 T C 0,1 0,2 0,3 0,4 0,5 0,6 0,7
2 110302464 rs11541143 G A 0,1 0,2 0,3 0,4 0,5 0,6 0,7
2 120003642 rs838083 C T 0,1 0,2 0,3 0,4 0,5 0,6 0,7
2 135268255 rs749460 C T 0,1 0,2 0,3 0,4 0,5 0,6 0,7
2 135458180 rs4954165 T C 0,1 0,2 0,3 0,4 0,5 0,6 0,7
2 136702601 rs6743537 G A 0,1 0,2 0,3 0,4 0,5 0,6 0,7
2 140165231 rs7574230 A G 0,1 0,2 0,3 0,4 0,5 0,6 0,7
2 142392337 rs355600 T G 0,1 0,2 0,3 0,4 0,5 0,6 0,7
2 147467507 rs13411484 C T 0,1 0,2 0,3 0,4 0,5 0,6 0,7
2 148104717 rs1403263 A C 0,1 0,2 0,3 0,4 0,5 0,6 0,7
2 152214638 rs3771889 G A 0,1 0,2 0,3 0,4 0,5 0,6 0,7
2 154144551 rs13387164 G A 0,1 0,2 0,3 0,4 0,5 0,6 0,7
2 154204271 rs2178593 A G 0,1 0,2 0,3 0,4 0,5 0,6 0,7
2 156766833 rs1527757 G A 0,1 0,2 0,3 0,4 0,5 0,6 0,7
2 168409393 rs1227132 C T 0,1 0,2 0,3 0,4 0,5 0,6 0,7
2 168567310 rs17581611 G A 0,1 0,2 0,3 0,4 0,5 0,6 0,7
2 169152936 rs1517336 A G 0,1 0,2 0,3 0,4 0,5 0,6 0,7
2 170359113 rs11902340 A G 0,1 0,2 0,3 0,4 0,5 0,6 0,7
2 172172864 rs6722670 G A 0,1 0,2 0,3 0,4 0,5 0,6 0,7
2 174930016 rs2358443 C T 0,1 0,2 0,3 0,4 0,5 0,6 0,7
2 176006027 rs13388308 C T 0,1 0,2 0,3 0,4 0,5 0,6 0,7
2 177260099 rs7604433 A G 0,1 0,2 0,3 0,4 0,5 0,6 0,7
2 191629686 rs880253 C T 0,1 0,2 0,3 0,4 0,5 0,6 0,7
2 192130220 rs17439519 A G 0,1 0,2 0,3 0,4 0,5 0,6 0,7
2 192877636 rs4389282 T C 0,1 0,2 0,3 0,4 0,5 0,6 0,7
2 193344064 rs2357149 C T 0,1 0,2 0,3 0,4 0,5 0,6 0,7
2 195785543 rs4850566 C T 0,1 0,2 0,3 0,4 0,5 0,6 0,7
2 196373150 rs17177580 T C 0,1 0,2 0,3 0,4 0,5 0,6 0,7
2 198134188 rs4850779 G A 0,1 0,2 0,3 0,4 0,5 0,6 0,7
2 198950240 rs1064213 G A 0,1 0,2 0,3 0,4 0,5 0,6 0,7
2 203740672 rs3845802 T G 0,1 0,2 0,3 0,4 0,5 0,6 0,7
2 206921763 rs17220727 C T 0,1 0,2 0,3 0,4 0,5 0,6 0,7
2 209508347 rs1429890 T C 0,1 0,2 0,3 0,4 0,5 0,6 0,7
2 211937214 rs6739390 C T 0,1 0,2 0,3 0,4 0,5 0,6 0,7
2 212947862 rs10201617 G A 0,1 0,2 0,3 0,4 0,5 0,6 0,7
2 215533634 rs16852444 T C 0,1 0,2 0,3 0,4 0,5 0,6 0,7
2 216389291 rs13426756 C T 0,1 0,2 0,3 0,4 0,5 0,6 0,7
2 223149469 rs13411354 T C 0,1 0,2 0,3 0,4 0,5 0,6 0,7
2 230211246 rs4972894 A G 0,1 0,2 0,3 0,4 0,5 0,6 0,7
2 234712652 rs11562982 C A 0,1 0,2 0,3 0,4 0,5 0,6 0,7
2 235375794 rs6737220 G A 0,1 0,2 0,3 0,4 0,5 0,6 0,7
2 236590828 rs4233623 C A 0,1 0,2 0,3 0,4 0,5 0,6 0,7
2 239983350 rs4852013 G A 0,1 0,2 0,3 0,4 0,5 0,6 0,7
2 240133710 rs3791601 T C 0,1 0,2 0,3 0,4 0,5 0,6 0,7
2 241141196 rs6437301 A C 0,1 0,2 0,3 0,4 0,5 0,6 0,7
20 3577062 rs3886999 G A 0,1 0,2 0,3 0,4 0,5 0,6 0,7
20 4780947 rs6084895 T C 0,1 0,2 0,3 0,4 0,5 0,6 0,7
20 6685377 rs6085658 C T 0,1 0,2 0,3 0,4 0,5 0,6 0,7
20 7497003 rs7263704 T C 0,1 0,2 0,3 0,4 0,5 0,6 0,7
20 8889733 rs6039322 T G 0,1 0,2 0,3 0,4 0,5 0,6 0,7
20 19572713 rs2876538 C T 0,1 0,2 0,3 0,4 0,5 0,6 0,7
20 19616992 rs4814878 A G 0,1 0,2 0,3 0,4 0,5 0,6 0,7
20 23118199 rs6515304 T C 0,1 0,2 0,3 0,4 0,5 0,6 0,7
20 23815299 rs6114326 C T 0,1 0,2 0,3 0,4 0,5 0,6 0,7
20 40567123 rs2050083 A G 0,1 0,2 0,3 0,4 0,5 0,6 0,7
20 40609443 rs878279 A G 0,1 0,2 0,3 0,4 0,5 0,6 0,7
20 44939778 rs6104543 C A 0,1 0,2 0,3 0,4 0,5 0,6 0,7
20 47473038 rs2145839 G T 0,1 0,2 0,3 0,4 0,5 0,6 0,7
20 47938833 rs6067054 G A 0,1 0,2 0,3 0,4 0,5 0,6 0,7
20 51568950 rs6097170 A G 0,1 0,2 0,3 0,4 0,5 0,6 0,7
20 56538896 rs380505 A G 0,1 0,2 0,3 0,4 0,5 0,6 0,7
20 57394925 rs13042263 C T 0,1 0,2 0,3 0,4 0,5 0,6 0,7
20 60335914 rs6061805 A G 0,1 0,2 0,3 0,4 0,5 0,6 0,7
20 60894470 rs2297588 C T 0,1 0,2 0,3 0,4 0,5 0,6 0,7
20 62900380 rs6062359 T G 0,1 0,2 0,3 0,4 0,5 0,6 0,7
21 20023842 rs967885 C T 0,1 0,2 0,3 0,4 0,5 0,6 0,7
21 24696982 rs2828068 T C 0,1 0,2 0,3 0,4 0,5 0,6 0,7
21 25056215 rs12152057 A C 0,1 0,2 0,3 0,4 0,5 0,6 0,7
21 27931248 rs1395053 T C 0,1 0,2 0,3 0,4 0,5 0,6 0,7
21 38372729 rs8131913 G A 0,1 0,2 0,3 0,4 0,5 0,6 0,7
21 39202393 rs3787840 C T 0,1 0,2 0,3 0,4 0,5 0,6 0,7
21 44172902 rs13050655 G A 0,1 0,2 0,3 0,4 0,5 0,6 0,7
21 45974529 rs439043 A G 0,1 0,2 0,3 0,4 0,5 0,6 0,7
21 48024626 rs2839362 G A 0,1 0,2 0,3 0,4 0,5 0,6 0,7
22 24220160 rs17004024 C T 0,1 0,2 0,3 0,4 0,5 0,6 0,7
22 24442459 rs5760189 C T 0,1 0,2 0,3 0,4 0,5 0,6 0,7
22 25252387 rs139683 T C 0,1 0,2 0,3 0,4 0,5 0,6 0,7
22 26472006 rs4499534 T C 0,1 0,2 0,3 0,4 0,5 0,6 0,7
22 33019789 rs2858223 T G 0,1 0,2 0,3 0,4 0,5 0,6 0,7
22 33300101 rs5754331 T C 0,1 0,2 0,3 0,4 0,5 0,6 0,7
22 34119866 rs239315 A G 0,1 0,2 0,3 0,4 0,5 0,6 0,7
22 34221959 rs5754708 A G 0,1 0,2 0,3 0,4 0,5 0,6 0,7
22 49174994 rs17177677 A G 0,1 0,2 0,3 0,4 0,5 0,6 0,7
22 49670134 rs848709 A G 0,1 0,2 0,3 0,4 0,5 0,6 0,7
3 1985238 rs6783551 T C 0,1 0,2 0,3 0,4 0,5 0,6 0,7
3 3190240 rs12107469 T C 0,1 0,2 0,3 0,4 0,5 0,6 0,7
3 4647026 rs2101694 C A 0,1 0,2 0,3 0,4 0,5 0,6 0,7
3 9517577 rs17747739 C T 0,1 0,2 0,3 0,4 0,5 0,6 0,7
3 16227428 rs17272355 G A 0,1 0,2 0,3 0,4 0,5 0,6 0,7
3 18643821 rs17044664 A C 0,1 0,2 0,3 0,4 0,5 0,6 0,7
3 21278468 rs6770687 G A 0,1 0,2 0,3 0,4 0,5 0,6 0,7
3 22392712 rs11923030 A G 0,1 0,2 0,3 0,4 0,5 0,6 0,7
3 24294381 rs1505301 G A 0,1 0,2 0,3 0,4 0,5 0,6 0,7
3 27976461 rs2127012 T C 0,1 0,2 0,3 0,4 0,5 0,6 0,7
3 29484510 rs7632290 T G 0,1 0,2 0,3 0,4 0,5 0,6 0,7
3 30699782 rs1864615 T C 0,1 0,2 0,3 0,4 0,5 0,6 0,7
3 30892719 rs6792186 G T 0,1 0,2 0,3 0,4 0,5 0,6 0,7
3 35278091 rs1376021 A G 0,1 0,2 0,3 0,4 0,5 0,6 0,7
3 39817494 rs1880787 A G 0,1 0,2 0,3 0,4 0,5 0,6 0,7
3 40014166 rs9862625 C T 0,1 0,2 0,3 0,4 0,5 0,6 0,7
3 41975847 rs17218264 T C 0,1 0,2 0,3 0,4 0,5 0,6 0,7
3 44104875 rs17076392 G T 0,1 0,2 0,3 0,4 0,5 0,6 0,7
3 53790276 rs3774563 G A 0,1 0,2 0,3 0,4 0,5 0,6 0,7
3 54407040 rs9311529 C T 0,1 0,2 0,3 0,4 0,5 0,6 0,7
3 54579051 rs7428777 A G 0,1 0,2 0,3 0,4 0,5 0,6 0,7
3 55929848 rs1156513 A G 0,1 0,2 0,3 0,4 0,5 0,6 0,7
3 62423076 rs1881267 T C 0,1 0,2 0,3 0,4 0,5 0,6 0,7
3 62530059 rs9857515 C T 0,1 0,2 0,3 0,4 0,5 0,6 0,7
3 62962769 rs9828340 A C 0,1 0,2 0,3 0,4 0,5 0,6 0,7
3 65172604 rs1482603 T C 0,1 0,2 0,3 0,4 0,5 0,6 0,7
3 67468422 rs4856784 T C 0,1 0,2 0,3 0,4 0,5 0,6 0,7
3 68305892 rs10440086 G A 0,1 0,2 0,3 0,4 0,5 0,6 0,7
3 68596207 rs6809730 T C 0,1 0,2 0,3 0,4 0,5 0,6 0,7
3 70333309 rs11924886 A G 0,1 0,2 0,3 0,4 0,5 0,6 0,7
3 74058398 rs13065653 C T 0,1 0,2 0,3 0,4 0,5 0,6 0,7
3 74344356 rs10490832 T G 0,1 0,2 0,3 0,4 0,5 0,6 0,7
3 77498624 rs6777631 C A 0,1 0,2 0,3 0,4 0,5 0,6 0,7
3 80363279 rs2090146 A C 0,1 0,2 0,3 0,4 0,5 0,6 0,7
3 82477875 rs9818199 A G 0,1 0,2 0,3 0,4 0,5 0,6 0,7
3 83676747 rs11706215 T C 0,1 0,2 0,3 0,4 0,5 0,6 0,7
3 84872804 rs10440084 A G 0,1 0,2 0,3 0,4 0,5 0,6 0,7
3 85086403 rs6549009 G A 0,1 0,2 0,3 0,4 0,5 0,6 0,7
3 86217959 rs4688887 T C 0,1 0,2 0,3 0,4 0,5 0,6 0,7
3 95426687 rs1003001 A G 0,1 0,2 0,3 0,4 0,5 0,6 0,7
3 97440269 rs4857288 C A 0,1 0,2 0,3 0,4 0,5 0,6 0,7
3 97755270 rs11711963 T C 0,1 0,2 0,3 0,4 0,5 0,6 0,7
3 100921280 rs4683877 G A 0,1 0,2 0,3 0,4 0,5 0,6 0,7
3 104813935 rs1393739 G A 0,1 0,2 0,3 0,4 0,5 0,6 0,7
3 106441287 rs4446241 A G 0,1 0,2 0,3 0,4 0,5 0,6 0,7
3 106658402 rs13088538 T C 0,1 0,2 0,3 0,4 0,5 0,6 0,7
3 107744023 rs7622560 C T 0,1 0,2 0,3 0,4 0,5 0,6 0,7
3 115680799 rs9856549 G A 0,1 0,2 0,3 0,4 0,5 0,6 0,7
3 116196458 rs1795279 G T 0,1 0,2 0,3 0,4 0,5 0,6 0,7
3 116795694 rs12493930 A G 0,1 0,2 0,3 0,4 0,5 0,6 0,7
3 119901774 rs9835042 C A 0,1 0,2 0,3 0,4 0,5 0,6 0,7
3 121192350 rs3218647 G A 0,1 0,2 0,3 0,4 0,5 0,6 0,7
3 122385402 rs796892 T C 0,1 0,2 0,3 0,4 0,5 0,6 0,7
3 124832747 rs11714323 T C 0,1 0,2 0,3 0,4 0,5 0,6 0,7
3 124860138 rs816151 T C 0,1 0,2 0,3 0,4 0,5 0,6 0,7
3 126825425 rs12632167 G A 0,1 0,2 0,3 0,4 0,5 0,6 0,7
3 127498978 rs936839 C T 0,1 0,2 0,3 0,4 0,5 0,6 0,7
3 136894133 rs9839965 C T 0,1 0,2 0,3 0,4 0,5 0,6 0,7
3 139744460 rs11714306 C T 0,1 0,2 0,3 0,4 0,5 0,6 0,7
3 139782336 rs2350491 C T 0,1 0,2 0,3 0,4 0,5 0,6 0,7
3 140180563 rs6439928 T C 0,1 0,2 0,3 0,4 0,5 0,6 0,7
3 143022141 rs9862119 T G 0,1 0,2 0,3 0,4 0,5 0,6 0,7
3 146328944 rs342885 A G 0,1 0,2 0,3 0,4 0,5 0,6 0,7
3 146873571 rs7629600 A C 0,1 0,2 0,3 0,4 0,5 0,6 0,7
3 147503114 rs11706220 G A 0,1 0,2 0,3 0,4 0,5 0,6 0,7
3 150429131 rs13074670 C A 0,1 0,2 0,3 0,4 0,5 0,6 0,7
3 152078962 rs17369888 A G 0,1 0,2 0,3 0,4 0,5 0,6 0,7
3 155101831 rs4234306 T C 0,1 0,2 0,3 0,4 0,5 0,6 0,7
3 174925007 rs9823267 G A 0,1 0,2 0,3 0,4 0,5 0,6 0,7
3 175450258 rs11707329 G A 0,1 0,2 0,3 0,4 0,5 0,6 0,7
3 177158757 rs1909567 A G 0,1 0,2 0,3 0,4 0,5 0,6 0,7
3 182664547 rs4859259 G A 0,1 0,2 0,3 0,4 0,5 0,6 0,7
3 186254832 rs1447670 A G 0,1 0,2 0,3 0,4 0,5 0,6 0,7
3 187089568 rs1518868 T C 0,1 0,2 0,3 0,4 0,5 0,6 0,7
3 191847799 rs6779599 C A 0,1 0,2 0,3 0,4 0,5 0,6 0,7
3 192313035 rs1875732 A G 0,1 0,2 0,3 0,4 0,5 0,6 0,7
3 193290216 rs169464 T C 0,1 0,2 0,3 0,4 0,5 0,6 0,7
4 6113559 rs11731332 C T 0,1 0,2 0,3 0,4 0,5 0,6 0,7
4 8579758 rs1282 C T 0,1 0,2 0,3 0,4 0,5 0,6 0,7
4 10062326 rs6834555 G A 0,1 0,2 0,3 0,4 0,5 0,6 0,7
4 10324361 rs993172 A C 0,1 0,2 0,3 0,4 0,5 0,6 0,7
4 15646794 rs13133213 A G 0,1 0,2 0,3 0,4 0,5 0,6 0,7
4 16892585 rs1483009 C A 0,1 0,2 0,3 0,4 0,5 0,6 0,7
4 17321995 rs1528607 A G 0,1 0,2 0,3 0,4 0,5 0,6 0,7
4 18866169 rs6845621 G A 0,1 0,2 0,3 0,4 0,5 0,6 0,7
4 20515670 rs6810790 G A 0,1 0,2 0,3 0,4 0,5 0,6 0,7
4 24454338 rs10025483 C A 0,1 0,2 0,3 0,4 0,5 0,6 0,7
4 25505735 rs6854268 A C 0,1 0,2 0,3 0,4 0,5 0,6 0,7
4 32559756 rs10014954 T C 0,1 0,2 0,3 0,4 0,5 0,6 0,7
4 41020707 rs6842478 G A 0,1 0,2 0,3 0,4 0,5 0,6 0,7
4 42864378 rs11728299 C T 0,1 0,2 0,3 0,4 0,5 0,6 0,7
4 46941018 rs1028005 A G 0,1 0,2 0,3 0,4 0,5 0,6 0,7
4 54701833 rs13125746 A G 0,1 0,2 0,3 0,4 0,5 0,6 0,7
4 58102272 rs6856352 A G 0,1 0,2 0,3 0,4 0,5 0,6 0,7
4 62290634 rs2124794 G A 0,1 0,2 0,3 0,4 0,5 0,6 0,7
4 62739541 rs6551665 G A 0,1 0,2 0,3 0,4 0,5 0,6 0,7
4 68269400 rs3935662 T C 0,1 0,2 0,3 0,4 0,5 0,6 0,7
4 78171898 rs4298160 T C 0,1 0,2 0,3 0,4 0,5 0,6 0,7
4 78249882 rs7697415 T C 0,1 0,2 0,3 0,4 0,5 0,6 0,7
4 78697786 rs9307306 T C 0,1 0,2 0,3 0,4 0,5 0,6 0,7
4 78734563 rs1587563 A G 0,1 0,2 0,3 0,4 0,5 0,6 0,7
4 80100104 rs7356447 G A 0,1 0,2 0,3 0,4 0,5 0,6 0,7
4 80234648 rs1484140 G A 0,1 0,2 0,3 0,4 0,5 0,6 0,7
4 81981592 rs2685471 A G 0,1 0,2 0,3 0,4 0,5 0,6 0,7
4 82975580 rs971826 C T 0,1 0,2 0,3 0,4 0,5 0,6 0,7
4 84870572 rs9992996 C T 0,1 0,2 0,3 0,4 0,5 0,6 0,7
4 94706706 rs735256 G T 0,1 0,2 0,3 0,4 0,5 0,6 0,7
4 99688004 rs1406036 A G 0,1 0,2 0,3 0,4 0,5 0,6 0,7
4 101160855 rs4131612 A G 0,1 0,2 0,3 0,4 0,5 0,6 0,7
4 103047763 rs1506504 C T 0,1 0,2 0,3 0,4 0,5 0,6 0,7
4 114193571 rs29401 T C 0,1 0,2 0,3 0,4 0,5 0,6 0,7
4 119302925 rs7695570 C A 0,1 0,2 0,3 0,4 0,5 0,6 0,7
4 121637499 rs17346468 T C 0,1 0,2 0,3 0,4 0,5 0,6 0,7
4 124628278 rs1425416 G A 0,1 0,2 0,3 0,4 0,5 0,6 0,7
4 128099002 rs2127818 C A 0,1 0,2 0,3 0,4 0,5 0,6 0,7
4 139534998 rs17050546 G A 0,1 0,2 0,3 0,4 0,5 0,6 0,7
4 146313100 rs1562064 G A 0,1 0,2 0,3 0,4 0,5 0,6 0,7
4 149045770 rs10023128 C T 0,1 0,2 0,3 0,4 0,5 0,6 0,7
4 151712054 rs1031378 T C 0,1 0,2 0,3 0,4 0,5 0,6 0,7
4 153056573 rs2406625 G T 0,1 0,2 0,3 0,4 0,5 0,6 0,7
4 169298000 rs2046770 T C 0,1 0,2 0,3 0,4 0,5 0,6 0,7
4 170013910 rs17626617 T C 0,1 0,2 0,3 0,4 0,5 0,6 0,7
4 171366729 rs750138 A C 0,1 0,2 0,3 0,4 0,5 0,6 0,7
4 177107335 rs2333402 T G 0,1 0,2 0,3 0,4 0,5 0,6 0,7
4 181239277 rs13149402 C T 0,1 0,2 0,3 0,4 0,5 0,6 0,7
4 183143729 rs1450138 G A 0,1 0,2 0,3 0,4 0,5 0,6 0,7
4 185687373 rs3749232 A C 0,1 0,2 0,3 0,4 0,5 0,6 0,7
4 185885897 rs4355430 C T 0,1 0,2 0,3 0,4 0,5 0,6 0,7
4 186697494 rs2310357 T C 0,1 0,2 0,3 0,4 0,5 0,6 0,7
4 188729249 rs4490510 A G 0,1 0,2 0,3 0,4 0,5 0,6 0,7
5 1890233 rs260406 A G 0,1 0,2 0,3 0,4 0,5 0,6 0,7
5 7914554 rs327581 G A 0,1 0,2 0,3 0,4 0,5 0,6 0,7
5 10789989 rs6867140 C T 0,1 0,2 0,3 0,4 0,5 0,6 0,7
5 14673696 rs16903631 C T 0,1 0,2 0,3 0,4 0,5 0,6 0,7
5 16060510 rs11959209 G A 0,1 0,2 0,3 0,4 0,5 0,6 0,7
5 17321707 rs10475103 A G 0,1 0,2 0,3 0,4 0,5 0,6 0,7
5 17997171 rs690901 T C 0,1 0,2 0,3 0,4 0,5 0,6 0,7
5 23827233 rs1490762 G A 0,1 0,2 0,3 0,4 0,5 0,6 0,7
5 29313927 rs7444137 T C 0,1 0,2 0,3 0,4 0,5 0,6 0,7
5 36047701 rs1287276 C A 0,1 0,2 0,3 0,4 0,5 0,6 0,7
5 41293370 rs768763 A G 0,1 0,2 0,3 0,4 0,5 0,6 0,7
5 44529971 rs1004720 A G 0,1 0,2 0,3 0,4 0,5 0,6 0,7
5 50492629 rs17223714 A G 0,1 0,2 0,3 0,4 0,5 0,6 0,7
5 52684170 rs4865544 A C 0,1 0,2 0,3 0,4 0,5 0,6 0,7
5 58605684 rs255647 C T 0,1 0,2 0,3 0,4 0,5 0,6 0,7
5 70976058 rs17356884 A G 0,1 0,2 0,3 0,4 0,5 0,6 0,7
5 72617917 rs7724944 T G 0,1 0,2 0,3 0,4 0,5 0,6 0,7
5 73041784 rs952995 A G 0,1 0,2 0,3 0,4 0,5 0,6 0,7
5 73254540 rs2450438 A G 0,1 0,2 0,3 0,4 0,5 0,6 0,7
5 76310780 rs12653511 A G 0,1 0,2 0,3 0,4 0,5 0,6 0,7
5 78117584 rs3857405 A G 0,1 0,2 0,3 0,4 0,5 0,6 0,7
5 82169620 rs6880701 G A 0,1 0,2 0,3 0,4 0,5 0,6 0,7
5 84521675 rs7444934 G T 0,1 0,2 0,3 0,4 0,5 0,6 0,7
5 89314467 rs2059201 A C 0,1 0,2 0,3 0,4 0,5 0,6 0,7
5 97488141 rs6889798 A G 0,1 0,2 0,3 0,4 0,5 0,6 0,7
5 97491234 rs7725828 C A 0,1 0,2 0,3 0,4 0,5 0,6 0,7
5 98443100 rs1447378 T G 0,1 0,2 0,3 0,4 0,5 0,6 0,7
5 103386041 rs2403366 C A 0,1 0,2 0,3 0,4 0,5 0,6 0,7
5 104078233 rs60271 A C 0,1 0,2 0,3 0,4 0,5 0,6 0,7
5 107165073 rs6895254 T G 0,1 0,2 0,3 0,4 0,5 0,6 0,7
5 110925663 rs10478055 G A 0,1 0,2 0,3 0,4 0,5 0,6 0,7
5 111098877 rs529279 C T 0,1 0,2 0,3 0,4 0,5 0,6 0,7
5 111485372 rs12658222 C T 0,1 0,2 0,3 0,4 0,5 0,6 0,7
5 112490295 rs10477488 C T 0,1 0,2 0,3 0,4 0,5 0,6 0,7
5 115766683 rs17431425 G A 0,1 0,2 0,3 0,4 0,5 0,6 0,7
5 116176608 rs1551505 A G 0,1 0,2 0,3 0,4 0,5 0,6 0,7
5 121087616 rs769365 C T 0,1 0,2 0,3 0,4 0,5 0,6 0,7
5 124723432 rs925894 C T 0,1 0,2 0,3 0,4 0,5 0,6 0,7
5 126340086 rs10491285 A G 0,1 0,2 0,3 0,4 0,5 0,6 0,7
5 126737444 rs12233927 T C 0,1 0,2 0,3 0,4 0,5 0,6 0,7
5 128742671 rs10067879 C T 0,1 0,2 0,3 0,4 0,5 0,6 0,7
5 130766662 rs1291602 T C 0,1 0,2 0,3 0,4 0,5 0,6 0,7
5 132239181 rs3798126 C T 0,1 0,2 0,3 0,4 0,5 0,6 0,7
5 132536038 rs720622 A G 0,1 0,2 0,3 0,4 0,5 0,6 0,7
5 133023122 rs10751462 A G 0,1 0,2 0,3 0,4 0,5 0,6 0,7
5 134588881 rs1834902 A G 0,1 0,2 0,3 0,4 0,5 0,6 0,7
5 135236218 rs17169348 G A 0,1 0,2 0,3 0,4 0,5 0,6 0,7
5 140194858 rs991918 C T 0,1 0,2 0,3 0,4 0,5 0,6 0,7
5 143015669 rs11741557 T G 0,1 0,2 0,3 0,4 0,5 0,6 0,7
5 143240844 rs321202 A G 0,1 0,2 0,3 0,4 0,5 0,6 0,7
5 154971865 rs10515710 T C 0,1 0,2 0,3 0,4 0,5 0,6 0,7
5 165835506 rs1696924 G A 0,1 0,2 0,3 0,4 0,5 0,6 0,7
5 167768114 rs1035421 C T 0,1 0,2 0,3 0,4 0,5 0,6 0,7
5 168260216 rs1394618 C T 0,1 0,2 0,3 0,4 0,5 0,6 0,7
5 169866944 rs13166619 C T 0,1 0,2 0,3 0,4 0,5 0,6 0,7
5 170043173 rs1875978 C A 0,1 0,2 0,3 0,4 0,5 0,6 0,7
5 170925376 rs891971 A G 0,1 0,2 0,3 0,4 0,5 0,6 0,7
5 173271163 rs359447 T C 0,1 0,2 0,3 0,4 0,5 0,6 0,7
5 178405251 rs4700765 T G 0,1 0,2 0,3 0,4 0,5 0,6 0,7
6 4956003 rs2793207 T C 0,1 0,2 0,3 0,4 0,5 0,6 0,7
6 6361816 rs7774436 G A 0,1 0,2 0,3 0,4 0,5 0,6 0,7
6 10099016 rs957610 C A 0,1 0,2 0,3 0,4 0,5 0,6 0,7
6 10906154 rs9357021 A G 0,1 0,2 0,3 0,4 0,5 0,6 0,7
6 13308314 rs3823442 G A 0,1 0,2 0,3 0,4 0,5 0,6 0,7
6 15089680 rs1770341 C T 0,1 0,2 0,3 0,4 0,5 0,6 0,7
6 15523448 rs17470454 G A 0,1 0,2 0,3 0,4 0,5 0,6 0,7
6 16275204 rs16877783 A C 0,1 0,2 0,3 0,4 0,5 0,6 0,7
6 16701334 rs12196135 G A 0,1 0,2 0,3 0,4 0,5 0,6 0,7
6 18775937 rs7774998 A C 0,1 0,2 0,3 0,4 0,5 0,6 0,7
6 19381386 rs10946313 T C 0,1 0,2 0,3 0,4 0,5 0,6 0,7
6 24285571 rs2328208 C T 0,1 0,2 0,3 0,4 0,5 0,6 0,7
6 25414325 rs9467504 A G 0,1 0,2 0,3 0,4 0,5 0,6 0,7
6 25437270 rs9379769 A G 0,1 0,2 0,3 0,4 0,5 0,6 0,7
6 29364147 rs4713216 A G 0,1 0,2 0,3 0,4 0,5 0,6 0,7
6 31542308 rs1799964 T C 0,1 0,2 0,3 0,4 0,5 0,6 0,7
6 35396004 rs760783 T G 0,1 0,2 0,3 0,4 0,5 0,6 0,7
6 35555110 rs2294807 C T 0,1 0,2 0,3 0,4 0,5 0,6 0,7
6 36940805 rs831506 T C 0,1 0,2 0,3 0,4 0,5 0,6 0,7
6 37428577 rs2395672 G A 0,1 0,2 0,3 0,4 0,5 0,6 0,7
6 37562085 rs9470635 G A 0,1 0,2 0,3 0,4 0,5 0,6 0,7
6 37744716 rs6916872 T G 0,1 0,2 0,3 0,4 0,5 0,6 0,7
6 39945406 rs6912379 T C 0,1 0,2 0,3 0,4 0,5 0,6 0,7
6 41389484 rs6912359 C T 0,1 0,2 0,3 0,4 0,5 0,6 0,7
6 47010843 rs819504 A C 0,1 0,2 0,3 0,4 0,5 0,6 0,7
6 52120103 rs1266824 A C 0,1 0,2 0,3 0,4 0,5 0,6 0,7
6 67219847 rs2812140 G A 0,1 0,2 0,3 0,4 0,5 0,6 0,7
6 80216840 rs9352743 T C 0,1 0,2 0,3 0,4 0,5 0,6 0,7
6 83453859 rs287849 G A 0,1 0,2 0,3 0,4 0,5 0,6 0,7
6 83594304 rs10484711 A C 0,1 0,2 0,3 0,4 0,5 0,6 0,7
6 85114269 rs12197418 G A 0,1 0,2 0,3 0,4 0,5 0,6 0,7
6 92851096 rs11757545 T C 0,1 0,2 0,3 0,4 0,5 0,6 0,7
6 94460497 rs1414614 T C 0,1 0,2 0,3 0,4 0,5 0,6 0,7
6 94958987 rs220945 C T 0,1 0,2 0,3 0,4 0,5 0,6 0,7
6 95422214 rs6911710 T G 0,1 0,2 0,3 0,4 0,5 0,6 0,7
6 98562720 rs9375195 G A 0,1 0,2 0,3 0,4 0,5 0,6 0,7
6 100068606 rs17053752 G A 0,1 0,2 0,3 0,4 0,5 0,6 0,7
6 100473088 rs11155226 A G 0,1 0,2 0,3 0,4 0,5 0,6 0,7
6 102806325 rs9485679 A G 0,1 0,2 0,3 0,4 0,5 0,6 0,7
6 110232051 rs4557564 A G 0,1 0,2 0,3 0,4 0,5 0,6 0,7
6 110827882 rs9481083 C T 0,1 0,2 0,3 0,4 0,5 0,6 0,7
6 111811922 rs9320364 T C 0,1 0,2 0,3 0,4 0,5 0,6 0,7
6 111919619 rs174399 G A 0,1 0,2 0,3 0,4 0,5 0,6 0,7
6 114464970 rs1519684 A G 0,1 0,2 0,3 0,4 0,5 0,6 0,7
6 116263524 rs12208531 G A 0,1 0,2 0,3 0,4 0,5 0,6 0,7
6 117795970 rs7763979 G A 0,1 0,2 0,3 0,4 0,5 0,6 0,7
6 120196348 rs1330111 G A 0,1 0,2 0,3 0,4 0,5 0,6 0,7
6 120203115 rs7750148 T C 0,1 0,2 0,3 0,4 0,5 0,6 0,7
6 124336951 rs12203197 A G 0,1 0,2 0,3 0,4 0,5 0,6 0,7
6 129600962 rs265370 G A 0,1 0,2 0,3 0,4 0,5 0,6 0,7
6 129921216 rs9321174 G A 0,1 0,2 0,3 0,4 0,5 0,6 0,7
6 133715210 rs3777811 A G 0,1 0,2 0,3 0,4 0,5 0,6 0,7
6 139767988 rs9389685 T C 0,1 0,2 0,3 0,4 0,5 0,6 0,7
6 143475861 rs9403450 G A 0,1 0,2 0,3 0,4 0,5 0,6 0,7
6 143699146 rs1424935 A G 0,1 0,2 0,3 0,4 0,5 0,6 0,7
6 148203768 rs631036 A G 0,1 0,2 0,3 0,4 0,5 0,6 0,7
6 149306088 rs10499253 T C 0,1 0,2 0,3 0,4 0,5 0,6 0,7
6 151188691 rs2839947 T C 0,1 0,2 0,3 0,4 0,5 0,6 0,7
6 151740967 rs9371518 T C 0,1 0,2 0,3 0,4 0,5 0,6 0,7
6 152751558 rs553642 C T 0,1 0,2 0,3 0,4 0,5 0,6 0,7
6 157376672 rs12211179 G A 0,1 0,2 0,3 0,4 0,5 0,6 0,7
6 159316430 rs9457507 C T 0,1 0,2 0,3 0,4 0,5 0,6 0,7
6 160445793 rs2277070 A G 0,1 0,2 0,3 0,4 0,5 0,6 0,7
6 161571560 rs9458141 T C 0,1 0,2 0,3 0,4 0,5 0,6 0,7
6 161610632 rs7771961 G A 0,1 0,2 0,3 0,4 0,5 0,6 0,7
6 166110424 rs6927989 G A 0,1 0,2 0,3 0,4 0,5 0,6 0,7
6 167189689 rs533810 T C 0,1 0,2 0,3 0,4 0,5 0,6 0,7
7 6544691 rs2881698 C T 0,1 0,2 0,3 0,4 0,5 0,6 0,7
7 13080970 rs17166650 T C 0,1 0,2 0,3 0,4 0,5 0,6 0,7
7 13656465 rs7792011 A G 0,1 0,2 0,3 0,4 0,5 0,6 0,7
7 19134119 rs6953766 T G 0,1 0,2 0,3 0,4 0,5 0,6 0,7
7 19478992 rs6971743 T C 0,1 0,2 0,3 0,4 0,5 0,6 0,7
7 21812206 rs10241767 T C 0,1 0,2 0,3 0,4 0,5 0,6 0,7
7 24202098 rs156279 C T 0,1 0,2 0,3 0,4 0,5 0,6 0,7
7 28715056 rs16874653 A G 0,1 0,2 0,3 0,4 0,5 0,6 0,7
7 28764109 rs2066979 T C 0,1 0,2 0,3 0,4 0,5 0,6 0,7
7 29367916 rs10241267 G A 0,1 0,2 0,3 0,4 0,5 0,6 0,7
7 36951929 rs4720228 C A 0,1 0,2 0,3 0,4 0,5 0,6 0,7
7 37529157 rs8180866 T C 0,1 0,2 0,3 0,4 0,5 0,6 0,7
7 39309284 rs4723834 A G 0,1 0,2 0,3 0,4 0,5 0,6 0,7
7 42256613 rs11764679 G A 0,1 0,2 0,3 0,4 0,5 0,6 0,7
7 43207653 rs6463169 C T 0,1 0,2 0,3 0,4 0,5 0,6 0,7
7 43517171 rs6965038 T C 0,1 0,2 0,3 0,4 0,5 0,6 0,7
7 46686101 rs2019048 G A 0,1 0,2 0,3 0,4 0,5 0,6 0,7
7 47886707 rs10280228 G A 0,1 0,2 0,3 0,4 0,5 0,6 0,7
7 49330688 rs2163339 G T 0,1 0,2 0,3 0,4 0,5 0,6 0,7
7 49883749 rs12536329 G A 0,1 0,2 0,3 0,4 0,5 0,6 0,7
7 54103504 rs6948513 C T 0,1 0,2 0,3 0,4 0,5 0,6 0,7
7 68395409 rs1531952 G A 0,1 0,2 0,3 0,4 0,5 0,6 0,7
7 69675177 rs10248606 A G 0,1 0,2 0,3 0,4 0,5 0,6 0,7
7 70203673 rs7803932 G A 0,1 0,2 0,3 0,4 0,5 0,6 0,7
7 71249755 rs3735358 A C 0,1 0,2 0,3 0,4 0,5 0,6 0,7
7 79314962 rs17152772 T C 0,1 0,2 0,3 0,4 0,5 0,6 0,7
7 81728516 rs258668 T C 0,1 0,2 0,3 0,4 0,5 0,6 0,7
7 82011839 rs6955149 G A 0,1 0,2 0,3 0,4 0,5 0,6 0,7
7 82193853 rs2189993 A G 0,1 0,2 0,3 0,4 0,5 0,6 0,7
7 82909245 rs730366 G T 0,1 0,2 0,3 0,4 0,5 0,6 0,7
7 83885441 rs1356804 T C 0,1 0,2 0,3 0,4 0,5 0,6 0,7
7 88788607 rs17308638 C T 0,1 0,2 0,3 0,4 0,5 0,6 0,7
7 92670860 rs10270472 G A 0,1 0,2 0,3 0,4 0,5 0,6 0,7
7 94224868 rs10260642 T C 0,1 0,2 0,3 0,4 0,5 0,6 0,7
7 95531540 rs882209 C T 0,1 0,2 0,3 0,4 0,5 0,6 0,7
7 97231644 rs4729366 G A 0,1 0,2 0,3 0,4 0,5 0,6 0,7
7 97306358 rs7801670 A G 0,1 0,2 0,3 0,4 0,5 0,6 0,7
7 98021211 rs9649213 A G 0,1 0,2 0,3 0,4 0,5 0,6 0,7
7 98413656 rs2394936 C T 0,1 0,2 0,3 0,4 0,5 0,6 0,7
7 98978755 rs4729532 A G 0,1 0,2 0,3 0,4 0,5 0,6 0,7
7 105252812 rs16871759 G A 0,1 0,2 0,3 0,4 0,5 0,6 0,7
7 105322023 rs485832 C T 0,1 0,2 0,3 0,4 0,5 0,6 0,7
7 105630156 rs375981 G A 0,1 0,2 0,3 0,4 0,5 0,6 0,7
7 110474808 rs7806611 C T 0,1 0,2 0,3 0,4 0,5 0,6 0,7
7 112971737 rs1701847 A C 0,1 0,2 0,3 0,4 0,5 0,6 0,7
7 114982393 rs11768031 G A 0,1 0,2 0,3 0,4 0,5 0,6 0,7
7 125922203 rs337317 T G 0,1 0,2 0,3 0,4 0,5 0,6 0,7
7 126787127 rs1858784 A G 0,1 0,2 0,3 0,4 0,5 0,6 0,7
7 132263595 rs2288275 A G 0,1 0,2 0,3 0,4 0,5 0,6 0,7
7 134494688 rs2009372 T C 0,1 0,2 0,3 0,4 0,5 0,6 0,7
7 135007489 rs2059365 G A 0,1 0,2 0,3 0,4 0,5 0,6 0,7
7 136588827 rs1364403 T C 0,1 0,2 0,3 0,4 0,5 0,6 0,7
7 137038092 rs320682 T C 0,1 0,2 0,3 0,4 0,5 0,6 0,7
7 148615643 rs7804456 T C 0,1 0,2 0,3 0,4 0,5 0,6 0,7
7 149445585 rs929344 C T 0,1 0,2 0,3 0,4 0,5 0,6 0,7
7 150093701 rs940453 A C 0,1 0,2 0,3 0,4 0,5 0,6 0,7
7 150478931 rs13226772 G T 0,1 0,2 0,3 0,4 0,5 0,6 0,7
7 153301445 rs1986703 C T 0,1 0,2 0,3 0,4 0,5 0,6 0,7
7 155329011 rs7805356 A C 0,1 0,2 0,3 0,4 0,5 0,6 0,7
7 158764915 rs262136 C T 0,1 0,2 0,3 0,4 0,5 0,6 0,7
8 2077072 rs2280902 G A 0,1 0,2 0,3 0,4 0,5 0,6 0,7
8 2488278 rs6995938 G A 0,1 0,2 0,3 0,4 0,5 0,6 0,7
8 3087870 rs1442404 C T 0,1 0,2 0,3 0,4 0,5 0,6 0,7
8 3346096 rs17066250 A G 0,1 0,2 0,3 0,4 0,5 0,6 0,7
8 3791362 rs2688266 C T 0,1 0,2 0,3 0,4 0,5 0,6 0,7
8 5543465 rs3948704 A C 0,1 0,2 0,3 0,4 0,5 0,6 0,7
8 5952944 rs10503354 G A 0,1 0,2 0,3 0,4 0,5 0,6 0,7
8 8121172 rs2176455 T C 0,1 0,2 0,3 0,4 0,5 0,6 0,7
8 8590437 rs11777908 C T 0,1 0,2 0,3 0,4 0,5 0,6 0,7
8 11114566 rs2196295 G A 0,1 0,2 0,3 0,4 0,5 0,6 0,7
8 16478760 rs822298 C T 0,1 0,2 0,3 0,4 0,5 0,6 0,7
8 19474715 rs4922069 T C 0,1 0,2 0,3 0,4 0,5 0,6 0,7
8 21061211 rs2613681 G A 0,1 0,2 0,3 0,4 0,5 0,6 0,7
8 21455291 rs4587321 G T 0,1 0,2 0,3 0,4 0,5 0,6 0,7
8 24107465 rs870033 C A 0,1 0,2 0,3 0,4 0,5 0,6 0,7
8 26313736 rs11135938 A C 0,1 0,2 0,3 0,4 0,5 0,6 0,7
8 26437076 rs920697 C T 0,1 0,2 0,3 0,4 0,5 0,6 0,7
8 26462161 rs327229 T C 0,1 0,2 0,3 0,4 0,5 0,6 0,7
8 26628028 rs1048101 A G 0,1 0,2 0,3 0,4 0,5 0,6 0,7
8 28069928 rs12543257 A C 0,1 0,2 0,3 0,4 0,5 0,6 0,7
8 30176241 rs4733478 C T 0,1 0,2 0,3 0,4 0,5 0,6 0,7
8 32516055 rs2466048 T G 0,1 0,2 0,3 0,4 0,5 0,6 0,7
8 40594990 rs7841944 C T 0,1 0,2 0,3 0,4 0,5 0,6 0,7
8 41797902 rs1318481 T G 0,1 0,2 0,3 0,4 0,5 0,6 0,7
8 49549094 rs11984923 C T 0,1 0,2 0,3 0,4 0,5 0,6 0,7
8 55627678 rs7832268 A G 0,1 0,2 0,3 0,4 0,5 0,6 0,7
8 55930998 rs7842680 A G 0,1 0,2 0,3 0,4 0,5 0,6 0,7
8 61882751 rs12678105 C A 0,1 0,2 0,3 0,4 0,5 0,6 0,7
8 62459660 rs4737588 G A 0,1 0,2 0,3 0,4 0,5 0,6 0,7
8 64692560 rs6472122 G A 0,1 0,2 0,3 0,4 0,5 0,6 0,7
8 83329097 rs988664 T C 0,1 0,2 0,3 0,4 0,5 0,6 0,7
8 83865622 rs1037293 C T 0,1 0,2 0,3 0,4 0,5 0,6 0,7
8 85183072 rs12542046 A G 0,1 0,2 0,3 0,4 0,5 0,6 0,7
8 86456195 rs923817 T C 0,1 0,2 0,3 0,4 0,5 0,6 0,7
8 88740929 rs7465163 A G 0,1 0,2 0,3 0,4 0,5 0,6 0,7
8 89779302 rs6990979 G A 0,1 0,2 0,3 0,4 0,5 0,6 0,7
8 90147497 rs13272639 G T 0,1 0,2 0,3 0,4 0,5 0,6 0,7
8 90795511 rs9297722 A G 0,1 0,2 0,3 0,4 0,5 0,6 0,7
8 97454130 rs12550085 A G 0,1 0,2 0,3 0,4 0,5 0,6 0,7
8 98991223 rs1869608 A G 0,1 0,2 0,3 0,4 0,5 0,6 0,7
8 101625833 rs16898640 C T 0,1 0,2 0,3 0,4 0,5 0,6 0,7
8 105387229 rs2853145 C A 0,1 0,2 0,3 0,4 0,5 0,6 0,7
8 105393687 rs2253336 G A 0,1 0,2 0,3 0,4 0,5 0,6 0,7
8 112491668 rs13264220 T C 0,1 0,2 0,3 0,4 0,5 0,6 0,7
8 118238117 rs1499430 A C 0,1 0,2 0,3 0,4 0,5 0,6 0,7
8 125571586 rs3829034 G A 0,1 0,2 0,3 0,4 0,5 0,6 0,7
8 127344452 rs10090539 G A 0,1 0,2 0,3 0,4 0,5 0,6 0,7
8 132163988 rs4736746 T C 0,1 0,2 0,3 0,4 0,5 0,6 0,7
8 133996728 rs1357452 G T 0,1 0,2 0,3 0,4 0,5 0,6 0,7
8 134895198 rs7816583 A G 0,1 0,2 0,3 0,4 0,5 0,6 0,7
8 137013588 rs11786106 T G 0,1 0,2 0,3 0,4 0,5 0,6 0,7
8 138041153 rs10096434 C T 0,1 0,2 0,3 0,4 0,5 0,6 0,7
8 138537206 rs17684990 A G 0,1 0,2 0,3 0,4 0,5 0,6 0,7
8 142067650 rs306962 C T 0,1 0,2 0,3 0,4 0,5 0,6 0,7
8 142689117 rs868482 A C 0,1 0,2 0,3 0,4 0,5 0,6 0,7
8 142743811 rs9324553 G A 0,1 0,2 0,3 0,4 0,5 0,6 0,7
8 143312933 rs4129585 A C 0,1 0,2 0,3 0,4 0,5 0,6 0,7
8 143413955 rs13281023 C T 0,1 0,2 0,3 0,4 0,5 0,6 0,7
8 143569216 rs7462966 A G 0,1 0,2 0,3 0,4 0,5 0,6 0,7
8 143686995 rs9324593 A G 0,1 0,2 0,3 0,4 0,5 0,6 0,7
8 143694184 rs10097505 G A 0,1 0,2 0,3 0,4 0,5 0,6 0,7
9 3819902 rs2124209 C T 0,1 0,2 0,3 0,4 0,5 0,6 0,7
9 4305320 rs16921094 G A 0,1 0,2 0,3 0,4 0,5 0,6 0,7
9 10595912 rs7018798 C A 0,1 0,2 0,3 0,4 0,5 0,6 0,7
9 13508282 rs3737150 A G 0,1 0,2 0,3 0,4 0,5 0,6 0,7
9 26275493 rs693087 G T 0,1 0,2 0,3 0,4 0,5 0,6 0,7
9 27107349 rs10967716 C T 0,1 0,2 0,3 0,4 0,5 0,6 0,7
9 34408855 rs10120773 T G 0,1 0,2 0,3 0,4 0,5 0,6 0,7
9 35541737 rs2163313 A G 0,1 0,2 0,3 0,4 0,5 0,6 0,7
9 36979395 rs3780169 C T 0,1 0,2 0,3 0,4 0,5 0,6 0,7
9 72486904 rs12235696 C T 0,1 0,2 0,3 0,4 0,5 0,6 0,7
9 72570477 rs1907957 T C 0,1 0,2 0,3 0,4 0,5 0,6 0,7
9 78715080 rs12001902 G T 0,1 0,2 0,3 0,4 0,5 0,6 0,7
9 79561644 rs10217342 C T 0,1 0,2 0,3 0,4 0,5 0,6 0,7
9 82488433 rs12345503 A C 0,1 0,2 0,3 0,4 0,5 0,6 0,7
9 82750377 rs7867554 T C 0,1 0,2 0,3 0,4 0,5 0,6 0,7
9 82971211 rs12686703 C T 0,1 0,2 0,3 0,4 0,5 0,6 0,7
9 85570577 rs11139881 A G 0,1 0,2 0,3 0,4 0,5 0,6 0,7
9 86199324 rs2780991 T G 0,1 0,2 0,3 0,4 0,5 0,6 0,7
9 89633112 rs12553476 G A 0,1 0,2 0,3 0,4 0,5 0,6 0,7
9 89684033 rs1410134 A G 0,1 0,2 0,3 0,4 0,5 0,6 0,7
9 90262425 rs2274606 G A 0,1 0,2 0,3 0,4 0,5 0,6 0,7
9 90955547 rs12348836 A C 0,1 0,2 0,3 0,4 0,5 0,6 0,7
9 93377901 rs1017753 C T 0,1 0,2 0,3 0,4 0,5 0,6 0,7
9 94358051 rs4744068 T C 0,1 0,2 0,3 0,4 0,5 0,6 0,7
9 95160477 rs2147060 T C 0,1 0,2 0,3 0,4 0,5 0,6 0,7
9 105951715 rs10760959 C T 0,1 0,2 0,3 0,4 0,5 0,6 0,7
9 106442046 rs7032883 G A 0,1 0,2 0,3 0,4 0,5 0,6 0,7
9 109446277 rs12377606 A G 0,1 0,2 0,3 0,4 0,5 0,6 0,7
9 111943210 rs10114938 G A 0,1 0,2 0,3 0,4 0,5 0,6 0,7
9 112518534 rs12350319 C T 0,1 0,2 0,3 0,4 0,5 0,6 0,7
9 113169631 rs7030192 G A 0,1 0,2 0,3 0,4 0,5 0,6 0,7
9 116087937 rs12378096 C T 0,1 0,2 0,3 0,4 0,5 0,6 0,7
9 119843213 rs1105892 C A 0,1 0,2 0,3 0,4 0,5 0,6 0,7
9 120051008 rs4837099 A G 0,1 0,2 0,3 0,4 0,5 0,6 0,7
9 120484009 rs913930 G A 0,1 0,2 0,3 0,4 0,5 0,6 0,7
9 120570195 rs9792558 T C 0,1 0,2 0,3 0,4 0,5 0,6 0,7
9 121265515 rs7045026 G A 0,1 0,2 0,3 0,4 0,5 0,6 0,7
9 125370383 rs913855 T G 0,1 0,2 0,3 0,4 0,5 0,6 0,7
9 126800143 rs4836959 T C 0,1 0,2 0,3 0,4 0,5 0,6 0,7
9 129061773 rs10116388 T G 0,1 0,2 0,3 0,4 0,5 0,6 0,7
9 129740283 rs11790388 A G 0,1 0,2 0,3 0,4 0,5 0,6 0,7
9 132005301 rs749840 C T 0,1 0,2 0,3 0,4 0,5 0,6 0,7
9 136482476 rs3025365 A G 0,1 0,2 0,3 0,4 0,5 0,6 0,7
9 137440083 rs3118518 G A 0,1 0,2 0,3 0,4 0,5 0,6 0,7
